22 0.17734375 0.4234375 0.02578125 0.02890625
22 0.71796875 0.41484375 0.02578125 0.02890625
22 0.4265625 0.5921875 0.02421875 0.02734375
22 0.5953125 0.59140625 0.02421875 0.02890625
22 0.74609375 0.7265625 0.02421875 0.02890625
22 0.165625 0.7359375 0.02734375 0.02890625
21 0.4609375 0.33125 0.0203125 0.0296875
21 0.3984375 0.42109375 0.01796875 0.0296875
21 0.52265625 0.42109375 0.0203125 0.0296875
21 0.43203125 0.73671875 0.01875 0.0296875
21 0.39921875 0.8546875 0.01875 0.0296875
21 0.47421875 0.85390625 0.01875 0.02890625
30 0.38203125 0.30546875 0.03828125 0.02421875
10 0.29453125 0.29765625 0.02578125 0.0109375
10 0.00390625 0.33046875 0.0078125 0.02890625
10 0.00390625 0.51484375 0.0078125 0.02734375
10 0.16875 0.54765625 0.02421875 0.0109375
37 0.23984375 0.5703125 0.02890625 0.01796875
37 0.07578125 0.5703125 0.02734375 0.01875
28 0.159375 0.296875 0.075 0.0125
20 0.3515625 0.46171875 0.01484375 0.01640625
20 0.4484375 0.47265625 0.0109375 0.01640625
5 0.3984375 0.34609375 0.01328125 0.01484375
14 0.528125 0.37421875 0.05859375 0.1671875
10 0.56796875 0.36640625 0.0109375 0.02890625
10 0.6484375 0.2984375 0.02734375 0.0125
2 0.57109375 0.39921875 0.0203125 0.03828125
20 0.6546875 0.528125 0.01640625 0.01484375
20 0.5609375 0.55234375 0.01640625 0.01796875
10 0.8125 0.2984375 0.02734375 0.0125
28 0.86953125 0.4484375 0.0078125 0.06484375
10 0.76796875 0.55 0.02734375 0.01328125
31 0.634375 0.63671875 0.01328125 0.009375
10 0.6171875 0.68515625 0.0109375 0.02890625
20 0.640625 0.6578125 0.01484375 0.01640625
28 0.440625 0.6640625 0.0421875 0.0078125
14 0.4765625 0.7296875 0.06640625 0.11171875
20 0.3515625 0.6640625 0.01484375 0.01640625
20 0.31953125 0.75390625 0.01640625 0.01328125
27 0.3734375 0.55859375 0.01640625 0.01640625
10 0.86796875 0.884375 0.0109375 0.0296875
10 0.61640625 0.8703125 0.009375 0.02890625
28 0.72890625 0.90625 0.075 0.0109375
5 0.43828125 0.81875 0.0125 0.01484375
10 0.28984375 0.95078125 0.009375 0.0296875
28 0.165625 0.990625 0.07578125 0.0109375
10 0.0046875 0.8953125 0.009375 0.02734375
32 0.0078125 0.875 0.01484375 0.02421875
2 0.00703125 0.86171875 0.01328125 0.03671875