22 0.80703125 0.41171875 0.025 0.028125
22 0.2765625 0.403125 0.025 0.028125
22 0.5625 0.57734375 0.02421875 0.0265625
22 0.39765625 0.5765625 0.02421875 0.028125
22 0.24921875 0.70859375 0.02421875 0.028125
22 0.81875 0.71796875 0.0265625 0.028125
21 0.52890625 0.32109375 0.0203125 0.0296875
21 0.58984375 0.409375 0.0171875 0.0296875
21 0.46875 0.409375 0.0203125 0.0296875
21 0.55703125 0.71875 0.01875 0.0296875
21 0.5890625 0.834375 0.01875 0.0296875
21 0.515625 0.834375 0.01875 0.028125
30 0.60703125 0.29609375 0.0375 0.02421875
10 0.69296875 0.28828125 0.025 0.0109375
10 0.97890625 0.3203125 0.0109375 0.028125
10 0.97890625 0.5015625 0.0109375 0.0265625
10 0.815625 0.53359375 0.02421875 0.0109375
37 0.74609375 0.55546875 0.028125 0.0171875
37 0.90703125 0.55625 0.0265625 0.01875
28 0.825 0.2875 0.0734375 0.01171875
20 0.63671875 0.44921875 0.01484375 0.015625
20 0.54140625 0.46015625 0.0109375 0.015625
5 0.590625 0.33515625 0.01328125 0.01484375
14 0.46328125 0.36328125 0.05703125 0.1640625
10 0.42421875 0.35546875 0.0109375 0.028125
10 0.3453125 0.28828125 0.0265625 0.01171875
2 0.4203125 0.38828125 0.0203125 0.0375
20 0.33828125 0.5140625 0.015625 0.01484375
20 0.43046875 0.53828125 0.015625 0.0171875
10 0.184375 0.28828125 0.0265625 0.01171875
28 0.128125 0.4359375 0.0078125 0.0640625
10 0.228125 0.5359375 0.0265625 0.01328125
31 0.35859375 0.6203125 0.01328125 0.009375
10 0.37578125 0.66875 0.0109375 0.028125
20 0.35234375 0.64140625 0.01484375 0.015625
28 0.5484375 0.64765625 0.04140625 0.0078125
14 0.5140625 0.71171875 0.065625 0.109375
20 0.63671875 0.64765625 0.01484375 0.015625
20 0.66796875 0.7359375 0.015625 0.01328125
27 0.61484375 0.54375 0.015625 0.015625
10 0.1296875 0.8640625 0.0109375 0.0296875
10 0.3765625 0.85 0.009375 0.028125
28 0.265625 0.88515625 0.0734375 0.0109375
5 0.5515625 0.79921875 0.01171875 0.01484375
10 0.696875 0.9296875 0.009375 0.0296875
28 0.81875 0.96796875 0.075 0.0109375
10 0.978125 0.875 0.01171875 0.0265625
32 0.975 0.8546875 0.0171875 0.02421875
2 0.97578125 0.8421875 0.015625 0.0359375