22 0.20078125 0.55703125 0.025 0.02734375
22 0.7203125 0.56484375 0.025 0.02734375
22 0.43984375 0.39453125 0.0234375 0.02578125
22 0.6015625 0.39453125 0.0234375 0.02734375
22 0.746875 0.265625 0.0234375 0.02734375
22 0.1890625 0.25625 0.02578125 0.02734375
21 0.4734375 0.64453125 0.01953125 0.02890625
21 0.41328125 0.55859375 0.0171875 0.02890625
21 0.53203125 0.55859375 0.01953125 0.02890625
21 0.4453125 0.25625 0.01796875 0.02890625
21 0.4140625 0.1421875 0.01796875 0.02890625
21 0.4859375 0.14296875 0.01796875 0.02734375
30 0.396875 0.66953125 0.03671875 0.0234375
10 0.3125 0.67734375 0.025 0.01015625
10 0.0328125 0.6453125 0.01015625 0.02734375
10 0.0328125 0.46875 0.01015625 0.02578125
10 0.1921875 0.4375 0.0234375 0.01015625
37 0.26015625 0.415625 0.02734375 0.0171875
37 0.103125 0.41484375 0.02578125 0.01796875
28 0.18359375 0.678125 0.071875 0.01171875
20 0.3671875 0.51953125 0.0140625 0.015625
20 0.4609375 0.509375 0.01015625 0.015625
5 0.4125 0.63125 0.01328125 0.0140625
14 0.5375 0.60390625 0.05625 0.1609375
10 0.57578125 0.61171875 0.01015625 0.02734375
10 0.653125 0.6765625 0.02578125 0.01171875
2 0.57890625 0.5796875 0.01953125 0.03671875
20 0.659375 0.45625 0.015625 0.0140625
20 0.56953125 0.4328125 0.015625 0.0171875
10 0.8109375 0.6765625 0.02578125 0.01171875
28 0.865625 0.5328125 0.0078125 0.0625
10 0.76796875 0.434375 0.02578125 0.01328125
31 0.63984375 0.3515625 0.01328125 0.009375
10 0.62265625 0.3046875 0.01015625 0.02734375
20 0.6453125 0.33125 0.0140625 0.015625
28 0.45390625 0.325 0.040625 0.0078125
14 0.4875 0.2625 0.0640625 0.10703125
20 0.3671875 0.325 0.0140625 0.015625
20 0.33671875 0.2390625 0.015625 0.01328125
27 0.3890625 0.4265625 0.015625 0.015625
10 0.8640625 0.11328125 0.01015625 0.02890625
10 0.621875 0.12734375 0.009375 0.02734375
28 0.73046875 0.09296875 0.071875 0.01015625
5 0.45078125 0.1765625 0.01171875 0.0140625
10 0.30859375 0.04921875 0.009375 0.02890625
28 0.1890625 0.01171875 0.0734375 0.01015625
10 0.03359375 0.103125 0.01171875 0.02578125
32 0.0359375 0.12265625 0.0171875 0.0234375
2 0.03515625 0.13515625 0.015625 0.03515625