22 0.228125 0.5828125 0.021875 0.02578125
22 0.3390625 0.41484375 0.021875 0.028125
22 0.203125 0.2890625 0.021875 0.028125
22 0.490625 0.415625 0.021875 0.0265625
22 0.72421875 0.2796875 0.021875 0.02578125
22 0.7140625 0.57421875 0.02265625 0.0265625
21 0.484375 0.2796875 0.01796875 0.028125
21 0.44765625 0.16953125 0.0203125 0.0265625
21 0.51484375 0.16953125 0.01875 0.028125
30 0.4328125 0.128125 0.03046875 0.02578125
5 0.4796875 0.2015625 0.0125 0.0140625
20 0.58671875 0.2625 0.0125 0.0140625
10 0.61171875 0.07734375 0.01015625 0.028125
14 0.446875 0.28359375 0.0609375 0.10703125
28 0.478125 0.34765625 0.03828125 0.00859375
10 0.31953125 0.32734375 0.01015625 0.0265625
31 0.30234375 0.3734375 0.01171875 0.00859375
20 0.29765625 0.35390625 0.0125 0.015625
28 0.0921875 0.55078125 0.00859375 0.06328125
2 0.17265625 0.47734375 0.03203125 0.01796875
10 0.18359375 0.47265625 0.021875 0.01171875
10 0.18359375 0.4546875 0.021875 0.01171875
20 0.28359375 0.4765625 0.0125 0.0140625
20 0.36875 0.453125 0.0125 0.015625
20 0.47109375 0.528125 0.01015625 0.015625
20 0.55703125 0.5375 0.0125 0.01640625
10 0.609375 0.6921875 0.02265625 0.01015625
30 0.5296875 0.684375 0.03203125 0.02265625
21 0.45859375 0.66015625 0.01640625 0.028125
21 0.403125 0.57578125 0.01796875 0.02890625
21 0.5140625 0.575 0.01796875 0.028125
10 0.36328125 0.6046875 0.00859375 0.02421875
14 0.39921875 0.62109375 0.05625 0.1578125
5 0.51640625 0.646875 0.0125 0.0140625
28 0.73046875 0.69375 0.06875 0.01015625
10 0.87265625 0.66171875 0.01015625 0.03046875
10 0.87109375 0.48828125 0.00859375 0.02578125
10 0.72265625 0.45703125 0.02265625 0.01015625
37 0.659375 0.43671875 0.02265625 0.01796875
37 0.80625 0.43671875 0.02421875 0.01796875
33 0.828125 0.4359375 0.01796875 0.01875
27 0.5375 0.446875 0.0140625 0.01640625
28 0.725 0.03984375 0.06875 0.00859375
10 0.8703125 0.13046875 0.01015625 0.02421875
7 0.86796875 0.15625 0.01796875 0.02265625
2 0.86796875 0.1796875 0.01796875 0.03828125
20 0.5578125 0.3484375 0.0140625 0.0125
10 0.2921875 0.69296875 0.02421875 0.00859375
10 0.14375 0.6921875 0.02578125 0.01015625
10 0.31953125 0.1546875 0.01015625 0.0265625
10 0.09453125 0.14140625 0.01015625 0.02578125
28 0.21875 0.11953125 0.06875 0.01015625