22 0.234375 0.5140625 0.0265625 0.028125
22 0.80390625 0.2375 0.02578125 0.0265625
22 0.51484375 0.2375 0.0265625 0.0265625
22 0.234375 0.171875 0.0265625 0.02578125
21 0.8859375 0.6359375 0.01875 0.028125
21 0.77109375 0.63671875 0.0203125 0.0265625
21 0.65625 0.634375 0.0203125 0.03046875
21 0.8859375 0.484375 0.01875 0.028125
21 0.77109375 0.48359375 0.0203125 0.0296875
21 0.65546875 0.484375 0.01875 0.028125
21 0.50859375 0.54921875 0.0203125 0.028125
21 0.48515625 0.446875 0.01875 0.028125
21 0.50859375 0.63671875 0.0203125 0.0296875
37 0.94140625 0.66328125 0.0171875 0.0265625
10 0.9046875 0.96640625 0.0265625 0.01328125
10 0.6140625 0.9203125 0.0109375 0.028125
32 0.61953125 0.94921875 0.01875 0.02421875
2 0.61875 0.96484375 0.0203125 0.0203125
20 0.6171875 0.73359375 0.01484375 0.0171875
20 0.584375 0.67578125 0.01328125 0.01640625
35 0.77109375 0.7328125 0.1234375 0.04921875
10 0.734375 0.690625 0.0265625 0.01328125
17 0.93984375 0.63203125 0.01875 0.03359375
39 0.815625 0.66328125 0.009375 0.0109375
27 0.61640625 0.7078125 0.01640625 0.01875
37 0.8625 0.40859375 0.02265625 0.01875
18 0.88046875 0.40859375 0.01875 0.01875
37 0.76875 0.4078125 0.02578125 0.0171875
26 0.74375 0.409375 0.02109375 0.0203125
20 0.66328125 0.40703125 0.01328125 0.01484375
20 0.56171875 0.38203125 0.01640625 0.01640625
10 0.94453125 0.35 0.01171875 0.0265625
10 0.915625 0.08828125 0.0265625 0.0109375
10 0.69296875 0.12421875 0.0109375 0.028125
10 0.67265625 0.2640625 0.0109375 0.0265625
20 0.69609375 0.28828125 0.01328125 0.01640625
2 0.66796875 0.2109375 0.0171875 0.0390625
33 0.6703125 0.240625 0.01640625 0.0203125
38 0.67578125 0.19140625 0.0078125 0.03984375
20 0.5734375 0.0921875 0.01484375 0.01484375
20 0.55859375 0.0921875 0.01328125 0.01484375
0 0.54609375 0.08984375 0.01171875 0.01328125
8 0.4421875 0.1234375 0.0078125 0.03515625
28 0.44140625 0.12421875 0.009375 0.0546875
10 0.3875 0.08828125 0.02421875 0.0109375
13 0.42421875 0.0390625 0.0171875 0.03203125
28 0.234375 0.00546875 0.12890625 0.0109375
12 0.39453125 0.01796875 0.0078125 0.0359375
10 0.06953125 0.1109375 0.0109375 0.028125
16 0.03515625 0.25859375 0.0078125 0.03984375
31 0.44296875 0.3546875 0.009375 0.01484375
27 0.44609375 0.33984375 0.01484375 0.0171875
5 0.44609375 0.4453125 0.01328125 0.01328125
20 0.41875 0.38203125 0.01484375 0.01640625
28 0.4765625 0.49453125 0.03359375 0.0109375
28 0.39453125 0.5375 0.009375 0.0640625
10 0.41328125 0.59453125 0.01171875 0.028125
37 0.390625 0.64375 0.0171875 0.028125
10 0.36640625 0.71796875 0.028125 0.01171875
6 0.5609375 0.59921875 0.02265625 0.02421875
13 0.40234375 0.728125 0.01875 0.03203125
13 0.44296875 0.725 0.02578125 0.0265625
24 0.078125 0.71953125 0.0171875 0.01484375
10 0.06875 0.6109375 0.01171875 0.0265625
7 0.0734375 0.63984375 0.01875 0.02578125
2 0.0734375 0.66953125 0.0171875 0.03046875
28 0.81875 0.38515625 0.06015625 0.009375
29 0.8125 0.4171875 0.01875 0.01875