22 0.571875 0.39375 0.028125 0.028125
22 0.83984375 0.46484375 0.0265625 0.0265625
22 0.790625 0.75390625 0.028125 0.0296875
22 0.25703125 0.67890625 0.02578125 0.028125
21 0.16328125 0.3921875 0.021875 0.0296875
21 0.2828125 0.3921875 0.0203125 0.0296875
21 0.1625 0.47890625 0.02265625 0.0296875
21 0.2828125 0.47890625 0.0203125 0.0296875
21 0.5671875 0.70703125 0.021875 0.03046875
21 0.46796875 0.7484375 0.0203125 0.03046875
21 0.56640625 0.78984375 0.02265625 0.0296875
20 0.63125 0.7203125 0.01640625 0.01640625
30 0.59921875 0.67265625 0.0296875 0.0203125
5 0.46328125 0.78359375 0.0140625 0.0140625
14 0.46640625 0.66484375 0.0984375 0.08203125
10 0.40546875 0.6984375 0.0125 0.03046875
10 0.1453125 0.825 0.0296875 0.0125
28 0.24453125 0.828125 0.06484375 0.00859375
28 0.790625 0.9125 0.06484375 0.00859375
37 0.9515625 0.8734375 0.01796875 0.04375
10 0.9515625 0.70078125 0.015625 0.040625
33 0.9515625 0.68125 0.01796875 0.01953125
20 0.7234375 0.6015625 0.015625 0.01640625
10 0.77109375 0.59921875 0.03046875 0.01171875
10 0.8546875 0.57890625 0.0296875 0.01171875
10 0.725 0.50859375 0.0125 0.0296875
2 0.72890625 0.4921875 0.01796875 0.040625
20 0.72734375 0.46328125 0.0140625 0.015625
27 0.70234375 0.509375 0.01796875 0.021875
23 0.6671875 0.48046875 0.02421875 0.02421875
28 0.84296875 0.35 0.04609375 0.00859375
10 0.92265625 0.3515625 0.03203125 0.0125
31 0.6390625 0.35234375 0.01796875 0.01171875
20 0.58515625 0.3546875 0.01640625 0.01640625
28 0.52421875 0.35 0.05625 0.01015625
20 0.43828125 0.43515625 0.015625 0.0140625
28 0.35390625 0.48203125 0.00859375 0.03046875
20 0.40703125 0.5375 0.015625 0.01640625
10 0.30859375 0.534375 0.0296875 0.0125
30 0.32890625 0.50234375 0.0265625 0.0203125
14 0.17890625 0.48984375 0.153125 0.0640625
5 0.22265625 0.3890625 0.015625 0.0140625
2 0.63203125 0.8546875 0.01796875 0.03984375
7 0.63125 0.86875 0.01953125 0.0265625
10 0.628125 0.89296875 0.0125 0.03046875