22 0.42421875 0.3765625 0.02890625 0.02890625
22 0.146875 0.45 0.028125 0.028125
22 0.19765625 0.75 0.02890625 0.03046875
22 0.75078125 0.67265625 0.0265625 0.02890625
21 0.8484375 0.375 0.02265625 0.03046875
21 0.72421875 0.375 0.02109375 0.03046875
21 0.8484375 0.46484375 0.02421875 0.03046875
21 0.72421875 0.46484375 0.02109375 0.03046875
21 0.42890625 0.7015625 0.02265625 0.03203125
21 0.53203125 0.74375 0.02109375 0.03203125
21 0.4296875 0.7875 0.02421875 0.03046875
20 0.3625 0.715625 0.0171875 0.0171875
30 0.39609375 0.665625 0.03046875 0.02109375
5 0.53671875 0.78046875 0.01484375 0.01484375
14 0.53359375 0.6578125 0.10234375 0.08515625
10 0.596875 0.6921875 0.01328125 0.03203125
10 0.86640625 0.8234375 0.03046875 0.01328125
28 0.76328125 0.8265625 0.06796875 0.009375
28 0.196875 0.91484375 0.06796875 0.009375
37 0.03046875 0.87421875 0.01875 0.0453125
10 0.03046875 0.6953125 0.015625 0.0421875
33 0.03046875 0.67421875 0.01875 0.01953125
20 0.26640625 0.5921875 0.015625 0.0171875
10 0.2171875 0.58984375 0.03203125 0.01171875
10 0.13046875 0.56796875 0.03046875 0.01171875
10 0.265625 0.4953125 0.01328125 0.03046875
2 0.2609375 0.47890625 0.01875 0.0421875
20 0.26328125 0.4484375 0.01484375 0.015625
27 0.2890625 0.496875 0.01875 0.02265625
23 0.32578125 0.46640625 0.025 0.025
28 0.14296875 0.33125 0.04765625 0.009375
10 0.06015625 0.3328125 0.0328125 0.01328125
31 0.35390625 0.33359375 0.01875 0.01171875
20 0.41015625 0.3359375 0.0171875 0.0171875
28 0.4734375 0.33125 0.05859375 0.0109375
20 0.5625 0.41953125 0.015625 0.01484375
28 0.65078125 0.46796875 0.009375 0.03203125
20 0.5953125 0.52578125 0.015625 0.0171875
10 0.696875 0.52265625 0.03046875 0.01328125
30 0.67578125 0.4890625 0.028125 0.02109375
14 0.83125 0.47578125 0.159375 0.06640625
5 0.78671875 0.371875 0.015625 0.01484375
2 0.36171875 0.8546875 0.01875 0.04140625
7 0.3625 0.86953125 0.01953125 0.028125
10 0.36640625 0.89375 0.01328125 0.03203125