22 0.4765625 0.234375 0.028125 0.0296875
22 0.21640625 0.44296875 0.028125 0.0296875
21 0.665625 0.17734375 0.02265625 0.03203125
21 0.86015625 0.17734375 0.02109375 0.03203125
21 0.8609375 0.32265625 0.0203125 0.03203125
21 0.66640625 0.32265625 0.02109375 0.03203125
20 0.6 0.32421875 0.01875 0.015625
27 0.57265625 0.3125 0.01484375 0.0203125
31 0.55625 0.15234375 0.01328125 0.01484375
20 0.54375 0.14296875 0.015625 0.015625
20 0.5203125 0.14296875 0.01484375 0.015625
0 0.5359375 0.1421875 0.0109375 0.0171875
13 0.53828125 0.0875 0.0171875 0.0359375
28 0.76328125 0.10703125 0.09453125 0.01328125
10 0.92890625 0.125 0.01171875 0.03203125
16 0.96640625 0.14296875 0.0078125 0.04375
8 0.384375 0.16171875 0.009375 0.03828125
28 0.40703125 0.17109375 0.009375 0.04140625
23 0.4703125 0.26953125 0.02421875 0.0265625
12 0.30703125 0.15625 0.04296875 0.0109375
10 0.3640625 0.3296875 0.0109375 0.03203125
20 0.3625 0.321875 0.015625 0.01484375
20 0.471875 0.371875 0.015625 0.01875
21 0.43046875 0.43984375 0.02421875 0.03203125
28 0.384375 0.47421875 0.0078125 0.03046875
10 0.3859375 0.565625 0.01171875 0.03203125
21 0.48046875 0.615625 0.0203125 0.03046875
6 0.484375 0.6609375 0.0203125 0.025
37 0.36171875 0.675 0.015625 0.04140625
33 0.359375 0.64375 0.0203125 0.02109375
10 0.3234375 0.73125 0.03046875 0.01171875
5 0.4359375 0.49609375 0.015625 0.01328125
33 0.571875 0.51328125 0.01875 0.02109375
10 0.5765625 0.48671875 0.01171875 0.03203125
2 0.57109375 0.46953125 0.0203125 0.04296875
10 0.06875 0.2359375 0.01171875 0.03203125
28 0.20625 0.1953125 0.09453125 0.01484375
28 0.00390625 0.4421875 0.0078125 0.15078125
10 0.06875 0.64765625 0.01171875 0.03203125
7 0.07265625 0.6203125 0.0203125 0.0296875
2 0.07265625 0.59375 0.0203125 0.04140625
13 0.365625 0.7421875 0.015625 0.0359375
25 0.39375 0.7390625 0.025 0.025
28 0.55546875 0.68984375 0.028125 0.009375
28 0.59609375 0.7125 0.0078125 0.0703125
20 0.57421875 0.65703125 0.0171875 0.01484375
20 0.6 0.6671875 0.015625 0.0171875
35 0.74296875 0.74765625 0.209375 0.05078125
39 0.79921875 0.67421875 0.01171875 0.01171875
21 0.665625 0.61328125 0.02265625 0.03203125
21 0.86015625 0.61328125 0.02109375 0.03203125
21 0.8609375 0.46875 0.0203125 0.03046875
37 0.92734375 0.40390625 0.01484375 0.03984375
26 0.925 0.4296875 0.0203125 0.028125
18 0.92421875 0.559375 0.02109375 0.028125
10 0.9296875 0.58515625 0.01328125 0.03203125
6 0.7671875 0.54765625 0.02265625 0.025
21 0.66640625 0.46875 0.02109375 0.03046875
37 0.928125 0.66171875 0.015625 0.04140625
17 0.925 0.690625 0.01875 0.0375
24 0.92890625 0.871875 0.01484375 0.02109375
10 0.8875 0.96875 0.01171875 0.03359375
28 0.74296875 0.9890625 0.14140625 0.0109375
7 0.6015625 0.96171875 0.01875 0.0265625
2 0.60234375 0.975 0.0203125 0.03984375
10 0.59765625 0.93984375 0.01171875 0.0296875