22 0.496875 0.24140625 0.028125 0.0296875
22 0.23515625 0.45078125 0.028125 0.0296875
21 0.68671875 0.18359375 0.02265625 0.03203125
21 0.88203125 0.18359375 0.02109375 0.03203125
21 0.8828125 0.3296875 0.0203125 0.03203125
21 0.6875 0.3296875 0.02109375 0.03203125
20 0.6203125 0.33125 0.01875 0.01640625
27 0.59296875 0.31953125 0.01484375 0.0203125
31 0.5765625 0.15859375 0.01328125 0.01484375
20 0.5640625 0.1484375 0.01640625 0.01640625
20 0.540625 0.1484375 0.01484375 0.01640625
0 0.55625 0.1484375 0.0109375 0.0171875
13 0.55859375 0.09296875 0.0171875 0.0359375
28 0.78515625 0.1125 0.0953125 0.01328125
10 0.95078125 0.13125 0.01171875 0.03203125
16 0.9890625 0.14921875 0.0078125 0.04453125
8 0.40390625 0.16796875 0.009375 0.0390625
28 0.4265625 0.17734375 0.009375 0.04140625
23 0.490625 0.27578125 0.02421875 0.0265625
12 0.32578125 0.1625 0.04296875 0.0109375
10 0.38359375 0.33671875 0.0109375 0.03203125
20 0.38203125 0.32890625 0.01640625 0.01484375
20 0.4921875 0.3796875 0.01640625 0.01875
21 0.45078125 0.44765625 0.02421875 0.03203125
28 0.403125 0.48203125 0.0078125 0.03046875
10 0.40546875 0.5734375 0.01171875 0.03203125
21 0.50078125 0.62421875 0.0203125 0.03046875
6 0.5046875 0.66953125 0.0203125 0.02578125
37 0.38046875 0.684375 0.01640625 0.04140625
33 0.37890625 0.653125 0.0203125 0.02109375
10 0.3421875 0.740625 0.03046875 0.01171875
5 0.45546875 0.50390625 0.01640625 0.01328125
33 0.5921875 0.52109375 0.01875 0.02109375
10 0.596875 0.49453125 0.01171875 0.03203125
2 0.5921875 0.47734375 0.0203125 0.04296875
10 0.08671875 0.24296875 0.01171875 0.03203125
28 0.22421875 0.2015625 0.0953125 0.01484375
28 0.01953125 0.45 0.01171875 0.1515625
10 0.08671875 0.65703125 0.01171875 0.03203125
7 0.090625 0.62890625 0.0203125 0.0296875
2 0.090625 0.60234375 0.0203125 0.04140625
13 0.384375 0.7515625 0.01640625 0.0359375
25 0.41328125 0.7484375 0.02578125 0.02578125
28 0.57578125 0.69921875 0.028125 0.009375
28 0.61640625 0.721875 0.0078125 0.07109375
20 0.59453125 0.665625 0.0171875 0.01484375
20 0.6203125 0.6765625 0.01640625 0.0171875
35 0.76484375 0.75703125 0.21015625 0.05078125
39 0.82109375 0.6828125 0.01171875 0.01171875
21 0.68671875 0.621875 0.02265625 0.03203125
21 0.88203125 0.621875 0.02109375 0.03203125
21 0.8828125 0.4765625 0.0203125 0.03046875
37 0.95 0.41171875 0.01484375 0.03984375
26 0.946875 0.4375 0.0203125 0.028125
18 0.94609375 0.56796875 0.02109375 0.028125
10 0.9515625 0.59375 0.01328125 0.03203125
6 0.7890625 0.55546875 0.02265625 0.02578125
21 0.6875 0.4765625 0.02109375 0.03046875
37 0.95078125 0.67109375 0.01640625 0.04140625
17 0.94765625 0.7 0.01875 0.0375
24 0.95078125 0.88203125 0.01484375 0.02109375
10 0.909375 0.97890625 0.01171875 0.03359375
28 0.76328125 0.99765625 0.1421875 0.0046875
7 0.621875 0.971875 0.01875 0.0265625
2 0.62265625 0.9828125 0.0203125 0.034375
10 0.61875 0.95078125 0.01171875 0.0296875