22 0.49375 0.8125 0.02890625 0.0296875
22 0.22890625 0.60078125 0.02890625 0.0296875
21 0.68671875 0.87109375 0.0234375 0.0328125
21 0.884375 0.87109375 0.021875 0.0328125
21 0.88515625 0.72265625 0.0203125 0.0328125
21 0.6875 0.72265625 0.021875 0.0328125
20 0.61953125 0.72109375 0.01875 0.01640625
27 0.59140625 0.7328125 0.01484375 0.0203125
31 0.575 0.89609375 0.01328125 0.01484375
20 0.5625 0.90625 0.01640625 0.01640625
20 0.5390625 0.90625 0.01484375 0.01640625
0 0.5546875 0.90703125 0.0109375 0.01796875
13 0.55625 0.9625 0.01796875 0.03671875
28 0.7859375 0.94296875 0.09609375 0.01328125
10 0.9546875 0.92421875 0.0125 0.0328125
16 0.99296875 0.90546875 0.0078125 0.04453125
8 0.4 0.88671875 0.009375 0.0390625
28 0.4234375 0.87734375 0.009375 0.0421875
23 0.4875 0.77734375 0.02421875 0.02734375
12 0.3203125 0.89296875 0.04375 0.0109375
10 0.37890625 0.71640625 0.0109375 0.0328125
20 0.37734375 0.7234375 0.01640625 0.01484375
20 0.4890625 0.67265625 0.01640625 0.01875
21 0.446875 0.603125 0.02421875 0.0328125
28 0.39921875 0.56875 0.0078125 0.03125
10 0.4015625 0.47578125 0.0125 0.0328125
21 0.49765625 0.42421875 0.0203125 0.03125
6 0.50234375 0.378125 0.0203125 0.02578125
37 0.3765625 0.36328125 0.01640625 0.0421875
33 0.37421875 0.3953125 0.0203125 0.021875
10 0.3375 0.30625 0.03125 0.0125
5 0.45234375 0.54609375 0.01640625 0.01328125
33 0.59140625 0.52890625 0.01875 0.021875
10 0.59609375 0.55546875 0.0125 0.0328125
2 0.590625 0.5734375 0.0203125 0.04375
10 0.078125 0.8109375 0.0125 0.0328125
28 0.21796875 0.85234375 0.09609375 0.01484375
28 0.01015625 0.6015625 0.0125 0.15390625
10 0.078125 0.39140625 0.0125 0.0328125
7 0.08203125 0.41953125 0.0203125 0.0296875
2 0.08203125 0.44609375 0.0203125 0.0421875
13 0.38046875 0.2953125 0.01640625 0.03671875
25 0.409375 0.2984375 0.02578125 0.02578125
28 0.57421875 0.3484375 0.02890625 0.009375
28 0.615625 0.32578125 0.0078125 0.071875
20 0.59296875 0.3828125 0.01796875 0.01484375
20 0.61953125 0.371875 0.01640625 0.01796875
35 0.765625 0.2890625 0.21328125 0.0515625
39 0.82265625 0.36484375 0.0125 0.0125
21 0.68671875 0.4265625 0.0234375 0.0328125
21 0.884375 0.4265625 0.021875 0.0328125
21 0.88515625 0.57421875 0.0203125 0.03125
37 0.953125 0.63984375 0.01484375 0.040625
26 0.95078125 0.61328125 0.0203125 0.02890625
18 0.95 0.48203125 0.021875 0.02890625
10 0.95546875 0.45546875 0.01328125 0.0328125
6 0.78984375 0.49375 0.0234375 0.02578125
21 0.6875 0.57421875 0.021875 0.03125
37 0.95390625 0.37734375 0.01640625 0.0421875
17 0.95078125 0.34765625 0.01875 0.03828125
24 0.9546875 0.16328125 0.01484375 0.021875
10 0.9125 0.06484375 0.0125 0.03359375
28 0.76484375 0.04375 0.14375 0.0109375
7 0.62109375 0.071875 0.01875 0.02734375
2 0.621875 0.05859375 0.0203125 0.040625
10 0.6171875 0.09375 0.0125 0.0296875