22 0.265625 0.71953125 0.03046875 0.025
22 0.73359375 0.7203125 0.034375 0.0265625
22 0.46796875 0.528125 0.034375 0.025
22 0.75234375 0.25234375 0.0328125 0.025
22 0.2984375 0.2328125 0.03203125 0.025
21 0.11796875 0.52734375 0.02421875 0.028125
21 0.22734375 0.52734375 0.025 0.028125
21 0.228125 0.43359375 0.0265625 0.0265625
21 0.11875 0.43359375 0.02265625 0.0265625
10 0.08046875 0.31484375 0.01484375 0.025
10 0.08046875 0.14921875 0.01171875 0.025
28 0.2828125 0.11640625 0.09296875 0.0109375
10 0.54140625 0.25625 0.01484375 0.028125
10 0.51875 0.22578125 0.01328125 0.0265625
2 0.51484375 0.2390625 0.02109375 0.03203125
28 0.7625 0.1171875 0.103125 0.009375
10 0.9640625 0.1671875 0.01328125 0.0265625
10 0.96484375 0.334375 0.01484375 0.0265625
21 0.90234375 0.52265625 0.025 0.02890625
21 0.78828125 0.52265625 0.025 0.0265625
21 0.84453125 0.43828125 0.02890625 0.028125
5 0.8859375 0.45234375 0.015625 0.01328125
30 0.934375 0.553125 0.028125 0.02890625
20 0.89375 0.5828125 0.01875 0.01484375
37 0.93515625 0.65390625 0.02109375 0.02421875
33 0.93515625 0.63359375 0.02109375 0.015625
10 0.71171875 0.58125 0.0359375 0.01171875
20 0.6515625 0.58359375 0.015625 0.015625
20 0.521875 0.559375 0.0171875 0.01484375
28 0.47265625 0.56171875 0.04609375 0.01171875
20 0.29609375 0.58359375 0.01953125 0.01328125
20 0.2921875 0.4796875 0.01953125 0.0171875
20 0.29140625 0.36640625 0.01875 0.01484375
31 0.290625 0.446875 0.015625 0.015625
30 0.11171875 0.5546875 0.0265625 0.0265625
5 0.15 0.4640625 0.01875 0.01328125
14 0.1734375 0.38828125 0.203125 0.059375
10 0.10546875 0.6734375 0.01484375 0.0265625
10 0.10703125 0.83984375 0.01484375 0.02890625
28 0.29765625 0.8578125 0.09140625 0.0109375
10 0.50546875 0.7984375 0.015625 0.0265625
10 0.528125 0.80703125 0.01484375 0.025
33 0.5328125 0.83125 0.01953125 0.02265625
2 0.53203125 0.8484375 0.02109375 0.02890625
28 0.7484375 0.8578125 0.115625 0.009375
37 0.934375 0.81953125 0.01953125 0.0265625
14 0.71875 0.52421875 0.103125 0.0875
23 0.6140625 0.7296875 0.03203125 0.02421875
23 0.5546875 0.52890625 0.03046875 0.02109375
27 0.646875 0.51640625 0.01953125 0.0171875
20 0.65 0.38359375 0.02109375 0.01484375