22 0.74375 0.7546875 0.03125 0.02578125
22 0.259375 0.75546875 0.0359375 0.02734375
22 0.534375 0.55703125 0.0359375 0.02578125
22 0.23984375 0.27109375 0.034375 0.02578125
22 0.71015625 0.25078125 0.0328125 0.02578125
21 0.896875 0.55546875 0.025 0.02890625
21 0.78359375 0.55546875 0.02578125 0.02890625
21 0.7828125 0.45859375 0.02734375 0.02734375
21 0.89609375 0.45859375 0.0234375 0.02734375
10 0.9359375 0.3359375 0.01484375 0.02578125
10 0.9359375 0.1640625 0.0125 0.02578125
28 0.7265625 0.13046875 0.09609375 0.0109375
10 0.4578125 0.27578125 0.01484375 0.02890625
10 0.48203125 0.24296875 0.0140625 0.02734375
2 0.4859375 0.25703125 0.021875 0.0328125
28 0.2296875 0.13125 0.10703125 0.009375
10 0.0203125 0.1828125 0.0140625 0.02734375
10 0.01953125 0.35546875 0.01484375 0.02734375
21 0.084375 0.55078125 0.02578125 0.03046875
21 0.20234375 0.55078125 0.02578125 0.02734375
21 0.14453125 0.46328125 0.03046875 0.02890625
5 0.1015625 0.478125 0.01640625 0.0140625
30 0.0515625 0.58203125 0.02890625 0.03046875
20 0.09375 0.61328125 0.01953125 0.01484375
37 0.05078125 0.68671875 0.021875 0.025
33 0.05078125 0.66640625 0.021875 0.01640625
10 0.28203125 0.61171875 0.03671875 0.0125
20 0.34453125 0.6140625 0.01640625 0.01640625
20 0.47890625 0.58828125 0.01796875 0.01484375
28 0.5296875 0.59140625 0.0484375 0.0125
20 0.7125 0.6140625 0.0203125 0.0140625
20 0.71640625 0.50625 0.0203125 0.01796875
20 0.7171875 0.3890625 0.01953125 0.01484375
31 0.71875 0.47265625 0.01640625 0.01640625
30 0.90390625 0.58359375 0.02734375 0.02734375
5 0.8640625 0.490625 0.01953125 0.0140625
14 0.83984375 0.41171875 0.21015625 0.06171875
10 0.91015625 0.70703125 0.01484375 0.02734375
10 0.90859375 0.87890625 0.01484375 0.03046875
28 0.7109375 0.8984375 0.09453125 0.0109375
10 0.49609375 0.83671875 0.01640625 0.02734375
10 0.471875 0.8453125 0.01484375 0.02578125
33 0.46796875 0.8703125 0.0203125 0.0234375
2 0.46875 0.8890625 0.021875 0.03046875
28 0.24375 0.89765625 0.11953125 0.009375
37 0.0515625 0.85859375 0.0203125 0.02734375
14 0.275 0.55234375 0.10703125 0.090625
23 0.38359375 0.76484375 0.0328125 0.025
23 0.44453125 0.5578125 0.03125 0.021875
27 0.34921875 0.54453125 0.0203125 0.01796875
20 0.34609375 0.40703125 0.021875 0.01484375