22 0.26328125 0.303125 0.03203125 0.0265625
22 0.75 0.30234375 0.0359375 0.02734375
22 0.4734375 0.50234375 0.0359375 0.0265625
22 0.7703125 0.7890625 0.034375 0.0265625
22 0.296875 0.81015625 0.0328125 0.0265625
21 0.109375 0.503125 0.025 0.02890625
21 0.2234375 0.503125 0.0265625 0.02890625
21 0.2234375 0.60078125 0.02734375 0.02734375
21 0.11015625 0.60078125 0.0234375 0.02734375
10 0.06953125 0.72421875 0.01484375 0.0265625
10 0.06953125 0.896875 0.0125 0.0265625
28 0.28046875 0.93125 0.096875 0.0109375
10 0.55078125 0.78515625 0.01484375 0.02890625
10 0.5265625 0.81796875 0.0140625 0.02734375
2 0.521875 0.80390625 0.021875 0.0328125
28 0.78046875 0.93046875 0.1078125 0.009375
10 0.990625 0.878125 0.0140625 0.02734375
10 0.99140625 0.7046875 0.01484375 0.02734375
21 0.92578125 0.50859375 0.0265625 0.03046875
21 0.80703125 0.50859375 0.0265625 0.02734375
21 0.86640625 0.59609375 0.03046875 0.02890625
5 0.90859375 0.58125 0.01640625 0.0140625
30 0.959375 0.4765625 0.02890625 0.03046875
20 0.9171875 0.4453125 0.01953125 0.01484375
37 0.96015625 0.371875 0.021875 0.025
33 0.96015625 0.3921875 0.021875 0.01640625
10 0.72734375 0.446875 0.0375 0.0125
20 0.6640625 0.44453125 0.01640625 0.01640625
20 0.5296875 0.4703125 0.01796875 0.01484375
28 0.47890625 0.4671875 0.0484375 0.0125
20 0.29453125 0.44453125 0.02109375 0.0140625
20 0.290625 0.553125 0.02109375 0.01796875
20 0.28984375 0.6703125 0.01953125 0.01484375
31 0.2890625 0.58671875 0.01640625 0.01640625
30 0.10234375 0.475 0.02734375 0.02734375
5 0.1421875 0.56875 0.01953125 0.0140625
14 0.16640625 0.6484375 0.2109375 0.0625
10 0.09609375 0.35078125 0.01484375 0.02734375
10 0.09765625 0.178125 0.01484375 0.03046875
28 0.29609375 0.15859375 0.0953125 0.0109375
10 0.5125 0.22109375 0.01640625 0.02734375
10 0.53671875 0.21171875 0.01484375 0.0265625
33 0.540625 0.1875 0.02109375 0.0234375
2 0.53984375 0.16875 0.021875 0.03046875
28 0.765625 0.159375 0.1203125 0.009375
37 0.959375 0.19921875 0.02109375 0.02734375
14 0.73515625 0.50703125 0.1078125 0.09140625
23 0.62578125 0.29296875 0.0328125 0.025
23 0.5640625 0.5015625 0.03203125 0.021875
27 0.659375 0.51484375 0.02109375 0.01796875
20 0.66328125 0.65234375 0.021875 0.01484375