22 0.7140625 0.2875 0.0359375 0.02578125
22 0.321875 0.55703125 0.03515625 0.02578125
22 0.7203125 0.65859375 0.03359375 0.02578125
22 0.440625 0.8046875 0.03359375 0.02265625
22 0.18046875 0.8046875 0.0359375 0.02578125
21 0.46953125 0.18203125 0.0265625 0.0265625
21 0.46875 0.28984375 0.02578125 0.0265625
21 0.46875 0.39765625 0.02578125 0.028125
21 0.31875 0.18203125 0.02578125 0.0265625
21 0.31875 0.28984375 0.02578125 0.0265625
21 0.31875 0.396875 0.02578125 0.0265625
21 0.16875 0.18203125 0.0265625 0.0265625
21 0.16796875 0.28984375 0.02578125 0.0265625
21 0.16796875 0.396875 0.02578125 0.0265625
21 0.19453125 0.49609375 0.02421875 0.0265625
21 0.0796875 0.49609375 0.02578125 0.0265625
28 0.23984375 0.48359375 0.01328125 0.03359375
27 0.265625 0.5734375 0.01875 0.01640625
10 0.140625 0.578125 0.0375 0.0109375
8 0.08046875 0.44140625 0.04296875 0.0078125
20 0.11640625 0.44375 0.01875 0.01328125
12 0.0203125 0.3890625 0.0109375 0.0375
21 0.1375 0.6359375 0.02578125 0.028125
28 0.14375 0.6875 0.1046875 0.0078125
28 0.109375 0.67265625 0.046875 0.0078125
20 0.23125 0.690625 0.0171875 0.01328125
23 0.3234375 0.7078125 0.03203125 0.02109375
10 0.55859375 0.421875 0.0359375 0.0109375
10 0.5078125 0.56328125 0.01328125 0.0265625
38 0.484375 0.52109375 0.009375 0.0390625
37 0.5125 0.47265625 0.02265625 0.02578125
33 0.51171875 0.45078125 0.02109375 0.01484375
33 0.47734375 0.45078125 0.02421875 0.0171875
10 0.48203125 0.471875 0.01484375 0.02421875
2 0.47890625 0.49921875 0.02109375 0.03046875
27 0.40390625 0.41953125 0.0203125 0.01328125
20 0.39375 0.4203125 0.0203125 0.01484375
20 0.375 0.44453125 0.0171875 0.01484375
28 0.9328125 0.5203125 0.01328125 0.05078125
10 0.8546875 0.44140625 0.0359375 0.01171875
10 0.90546875 0.2828125 0.01484375 0.0265625
10 0.90625 0.04609375 0.01328125 0.02578125
7 0.903125 0.06953125 0.0203125 0.02109375
2 0.903125 0.0890625 0.0203125 0.03046875
10 0.5421875 0.03046875 0.0390625 0.0109375
20 0.546875 0.0328125 0.01640625 0.01484375
37 0.44375 0.1546875 0.03515625 0.01484375
25 0.27890625 0.10546875 0.03203125 0.02265625
39 0.30078125 0.1671875 0.01484375 0.0109375
6 0.23984375 0.23046875 0.0265625 0.02109375
10 0.04140625 0.70546875 0.01640625 0.0265625
5 0.0890625 0.63359375 0.0171875 0.01484375
6 0.109375 0.4703125 0.028125 0.02109375
10 0.040625 0.859375 0.01484375 0.0265625
20 0.42109375 0.8734375 0.02109375 0.01484375
0 0.3890625 0.87421875 0.01484375 0.01328125
20 0.578125 0.78984375 0.0203125 0.01484375
21 0.4859375 0.9359375 0.02578125 0.028125
10 0.5234375 0.765625 0.0359375 0.01328125
10 0.509375 0.73046875 0.01640625 0.0265625
28 0.7578125 0.9578125 0.11640625 0.009375
7 0.928125 0.86328125 0.0203125 0.02109375
10 0.93203125 0.8390625 0.01484375 0.02421875
2 0.92890625 0.8265625 0.02109375 0.03046875
37 0.11171875 0.15546875 0.03359375 0.01640625
24 0.015625 0.1765625 0.0171875 0.01875
10 0.065625 0.1625 0.01328125 0.02421875
17 0.0703125 0.171875 0.0203125 0.03203125
18 0.0703125 0.19296875 0.0203125 0.02109375
26 0.0703125 0.3125 0.0203125 0.02109375
29 0.075 0.26171875 0.0265625 0.0203125