22 0.7546875 0.72890625 0.03671875 0.02578125
22 0.353125 0.45234375 0.0359375 0.02578125
22 0.76171875 0.3484375 0.034375 0.02578125
22 0.47421875 0.1984375 0.034375 0.0234375
22 0.2078125 0.1984375 0.03671875 0.02578125
21 0.50390625 0.83671875 0.02734375 0.02734375
21 0.503125 0.7265625 0.02578125 0.02734375
21 0.503125 0.61640625 0.02578125 0.02890625
21 0.34921875 0.83671875 0.02578125 0.02734375
21 0.34921875 0.7265625 0.02578125 0.02734375
21 0.34921875 0.61640625 0.02578125 0.02734375
21 0.19609375 0.83671875 0.02734375 0.02734375
21 0.19609375 0.7265625 0.02578125 0.02734375
21 0.19609375 0.61640625 0.02578125 0.02734375
21 0.22265625 0.51484375 0.025 0.02734375
21 0.10546875 0.51484375 0.02578125 0.02734375
28 0.26953125 0.528125 0.0140625 0.034375
27 0.2953125 0.43515625 0.01953125 0.01640625
10 0.16796875 0.43125 0.03828125 0.0109375
8 0.10546875 0.57109375 0.04375 0.00859375
20 0.14296875 0.56875 0.01953125 0.0140625
12 0.04375 0.625 0.0109375 0.03828125
13 0.01015625 0.578125 0.0203125 0.01640625
21 0.1640625 0.371875 0.02578125 0.02890625
28 0.1703125 0.31875 0.10703125 0.00859375
28 0.13515625 0.33359375 0.0484375 0.00859375
20 0.26015625 0.315625 0.01796875 0.0140625
23 0.3546875 0.2984375 0.0328125 0.021875
10 0.5953125 0.590625 0.03671875 0.0109375
10 0.54375 0.44609375 0.0140625 0.02734375
38 0.51953125 0.48984375 0.009375 0.03984375
37 0.5484375 0.5390625 0.0234375 0.02578125
33 0.5484375 0.5609375 0.021875 0.01484375
33 0.5125 0.5609375 0.025 0.01796875
10 0.5171875 0.53984375 0.01484375 0.025
2 0.5140625 0.51171875 0.021875 0.03125
27 0.4375 0.59375 0.0203125 0.0140625
20 0.4265625 0.59296875 0.0203125 0.01484375
20 0.40703125 0.56796875 0.01796875 0.01484375
28 0.9796875 0.490625 0.0140625 0.05234375
10 0.89921875 0.57109375 0.03671875 0.0125
10 0.9515625 0.73359375 0.01484375 0.02734375
10 0.9515625 0.97578125 0.0140625 0.02578125
7 0.9484375 0.9515625 0.0203125 0.021875
2 0.9484375 0.93203125 0.0203125 0.03125
10 0.57890625 0.99140625 0.03984375 0.0109375
20 0.58359375 0.98984375 0.01640625 0.01484375
37 0.478125 0.86484375 0.0359375 0.01484375
25 0.309375 0.915625 0.0328125 0.0234375
39 0.33203125 0.8515625 0.01484375 0.0109375
6 0.26953125 0.78671875 0.02734375 0.021875
10 0.065625 0.30078125 0.01640625 0.02734375
5 0.11484375 0.37421875 0.01796875 0.01484375
6 0.13515625 0.54140625 0.02890625 0.021875
10 0.065625 0.14296875 0.01484375 0.02734375
16 0.01796875 0.1328125 0.0109375 0.03671875
20 0.4546875 0.128125 0.021875 0.01484375
0 0.42265625 0.128125 0.01484375 0.0140625
20 0.61640625 0.21328125 0.0203125 0.01484375
21 0.52109375 0.0640625 0.02578125 0.02890625
10 0.559375 0.2390625 0.03671875 0.0140625
10 0.5453125 0.275 0.01640625 0.02734375
28 0.8 0.0421875 0.11953125 0.009375
7 0.97421875 0.1390625 0.0203125 0.021875
10 0.97890625 0.16328125 0.01484375 0.025
2 0.975 0.1765625 0.021875 0.03125
37 0.13828125 0.8640625 0.034375 0.01640625
24 0.0390625 0.8421875 0.01796875 0.01953125
10 0.090625 0.85703125 0.0140625 0.025
17 0.0953125 0.84765625 0.0203125 0.0328125
18 0.0953125 0.82578125 0.0203125 0.021875
26 0.0953125 0.703125 0.0203125 0.021875
29 0.1 0.7546875 0.02734375 0.0203125