22 0.28984375 0.66875 0.03515625 0.02421875
22 0.66796875 0.40859375 0.03359375 0.02421875
22 0.28359375 0.3109375 0.03203125 0.02421875
22 0.55390625 0.16953125 0.03203125 0.021875
22 0.80390625 0.16953125 0.03515625 0.02421875
21 0.52578125 0.7703125 0.02578125 0.02578125
21 0.5265625 0.66640625 0.02421875 0.02578125
21 0.5265625 0.5625 0.02421875 0.02734375
21 0.67109375 0.7703125 0.02421875 0.02578125
21 0.67109375 0.66640625 0.02421875 0.02578125
21 0.67109375 0.56328125 0.02421875 0.02578125
21 0.815625 0.7703125 0.02578125 0.02578125
21 0.815625 0.66640625 0.02421875 0.02578125
21 0.815625 0.56328125 0.02421875 0.02578125
21 0.790625 0.46796875 0.0234375 0.02578125
21 0.90078125 0.46796875 0.02421875 0.02578125
28 0.746875 0.4796875 0.01328125 0.03203125
27 0.721875 0.39296875 0.01796875 0.015625
10 0.8421875 0.3890625 0.0359375 0.01015625
8 0.90078125 0.5203125 0.04140625 0.0078125
20 0.865625 0.51796875 0.01796875 0.01328125
12 0.95859375 0.57109375 0.01015625 0.0359375
13 0.98984375 0.528125 0.0203125 0.015625
21 0.8453125 0.3328125 0.02421875 0.02734375
28 0.83984375 0.2828125 0.10078125 0.0078125
28 0.87265625 0.296875 0.0453125 0.0078125
20 0.75546875 0.28046875 0.01640625 0.01328125
23 0.66640625 0.26328125 0.03125 0.0203125
10 0.43984375 0.5390625 0.03515625 0.01015625
10 0.48828125 0.403125 0.01328125 0.02578125
38 0.5109375 0.44375 0.009375 0.0375
37 0.48359375 0.490625 0.021875 0.02421875
33 0.484375 0.5109375 0.0203125 0.0140625
33 0.51796875 0.5109375 0.0234375 0.01640625
10 0.51328125 0.490625 0.0140625 0.0234375
2 0.51640625 0.46484375 0.0203125 0.0296875
27 0.58828125 0.54140625 0.01953125 0.01328125
20 0.59921875 0.540625 0.01953125 0.0140625
20 0.6171875 0.5171875 0.01640625 0.0140625
28 0.07890625 0.44453125 0.01328125 0.04921875
10 0.1546875 0.5203125 0.03515625 0.01171875
10 0.10546875 0.6734375 0.0140625 0.02578125
10 0.1046875 0.90078125 0.01328125 0.02421875
7 0.1078125 0.87890625 0.01953125 0.0203125
2 0.1078125 0.86015625 0.01953125 0.0296875
13 0.471875 0.9625 0.0203125 0.0234375
10 0.47109375 0.95 0.0375 0.009375
10 0.45546875 0.91640625 0.0375 0.01015625
20 0.45078125 0.9140625 0.015625 0.0140625
37 0.55 0.796875 0.03359375 0.0140625
25 0.709375 0.84453125 0.03125 0.021875
39 0.68828125 0.784375 0.0140625 0.01015625
6 0.746875 0.7234375 0.02578125 0.0203125
10 0.93828125 0.26640625 0.015625 0.02578125
5 0.8921875 0.33515625 0.01640625 0.0140625
6 0.87265625 0.4921875 0.02734375 0.0203125
10 0.93828125 0.1171875 0.0140625 0.02578125
16 0.98359375 0.1078125 0.01015625 0.03515625
20 0.57265625 0.10390625 0.0203125 0.0140625
0 0.60234375 0.103125 0.0140625 0.01328125
20 0.4203125 0.184375 0.01953125 0.0140625
21 0.509375 0.04296875 0.02421875 0.02734375
10 0.4734375 0.2078125 0.03515625 0.01328125
10 0.48671875 0.24140625 0.015625 0.02578125
28 0.24765625 0.02265625 0.1125 0.009375
7 0.08359375 0.1140625 0.01953125 0.0203125
10 0.0796875 0.13671875 0.0140625 0.0234375
2 0.0828125 0.14921875 0.0203125 0.0296875
37 0.8703125 0.79609375 0.03203125 0.015625
24 0.96328125 0.775 0.01640625 0.01796875
10 0.91484375 0.7890625 0.01328125 0.0234375
17 0.91015625 0.78046875 0.01953125 0.03125
18 0.91015625 0.759375 0.01953125 0.0203125
26 0.91015625 0.64453125 0.01953125 0.0203125
29 0.90546875 0.69296875 0.02578125 0.01953125