22 0.81328125 0.2421875 0.0375 0.025
22 0.32734375 0.24140625 0.03515625 0.0296875
22 0.6046875 0.446875 0.03203125 0.025
22 0.77890625 0.7640625 0.03359375 0.0265625
22 0.30703125 0.74296875 0.03359375 0.0265625
21 0.1515625 0.453125 0.025 0.0296875
21 0.271875 0.4546875 0.028125 0.0296875
21 0.2109375 0.54453125 0.0265625 0.028125
21 0.96640625 0.44921875 0.025 0.03046875
21 0.8546875 0.44921875 0.028125 0.03046875
21 0.85390625 0.55 0.0265625 0.0296875
21 0.9671875 0.55 0.0265625 0.0296875
10 0.0875 0.65625 0.015625 0.0296875
10 0.0875 0.834375 0.015625 0.0296875
28 0.29765625 0.88828125 0.1078125 0.01015625
20 0.415625 0.60390625 0.01796875 0.0171875
2 0.5546875 0.74140625 0.01953125 0.03203125
10 0.55078125 0.77109375 0.0140625 0.0296875
10 0.5265625 0.73828125 0.0140625 0.028125
28 0.79609375 0.88984375 0.09375 0.01015625
20 0.7859375 0.4984375 0.01953125 0.0171875
20 0.7859375 0.61875 0.01953125 0.0140625
31 0.78984375 0.53359375 0.0140625 0.0140625
30 0.9765625 0.4203125 0.02265625 0.03046875
5 0.93515625 0.5171875 0.02109375 0.015625
14 0.90234375 0.59921875 0.1953125 0.0640625
20 0.78203125 0.38828125 0.02109375 0.015625
28 0.6 0.41171875 0.04921875 0.0109375
14 0.34453125 0.453125 0.10390625 0.096875
27 0.415625 0.459375 0.02109375 0.0171875
20 0.546875 0.4140625 0.01796875 0.015625
23 0.5125 0.44609375 0.03046875 0.0234375
23 0.4515625 0.23125 0.0296875 0.02265625
20 0.41171875 0.38828125 0.0171875 0.0140625
10 0.3515625 0.390625 0.0390625 0.0109375
33 0.11875 0.3328125 0.02265625 0.01796875
37 0.11796875 0.31328125 0.02265625 0.0265625
20 0.159375 0.38828125 0.0171875 0.015625
37 0.11875 0.13515625 0.025 0.0296875
28 0.3109375 0.09375 0.1203125 0.00859375
10 0.56484375 0.1578125 0.015625 0.0296875
10 0.53828125 0.14921875 0.015625 0.0296875
2 0.53671875 0.11796875 0.01953125 0.0296875
7 0.53671875 0.1296875 0.01953125 0.0234375
28 0.78125 0.09140625 0.09765625 0.01015625
10 0.9796875 0.1140625 0.015625 0.0296875
10 0.9796875 0.29296875 0.015625 0.03046875
30 0.11796875 0.4203125 0.025 0.03359375
5 0.16875 0.5296875 0.01796875 0.0140625