22 0.76640625 0.70390625 0.034375 0.02265625
22 0.325 0.70390625 0.03203125 0.0265625
22 0.57734375 0.51796875 0.02890625 0.02265625
22 0.73515625 0.2296875 0.03046875 0.02421875
22 0.30625 0.2484375 0.03046875 0.02421875
21 0.165625 0.51171875 0.02265625 0.0265625
21 0.275 0.5109375 0.02578125 0.0265625
21 0.21953125 0.42890625 0.02421875 0.02578125
21 0.90546875 0.515625 0.02265625 0.028125
21 0.80390625 0.515625 0.02578125 0.028125
21 0.803125 0.42421875 0.02421875 0.0265625
21 0.90625 0.42421875 0.02421875 0.0265625
10 0.1078125 0.32734375 0.0140625 0.0265625
10 0.1078125 0.16640625 0.0140625 0.0265625
28 0.2984375 0.11640625 0.09765625 0.00859375
20 0.40546875 0.375 0.01640625 0.015625
2 0.53203125 0.25 0.01796875 0.02890625
10 0.528125 0.2234375 0.0125 0.0265625
10 0.50625 0.253125 0.0125 0.02578125
28 0.7515625 0.11484375 0.08515625 0.00859375
10 0.9421875 0.1453125 0.0140625 0.0265625
10 0.9421875 0.309375 0.0140625 0.02578125
20 0.74140625 0.47109375 0.01796875 0.015625
20 0.74140625 0.3609375 0.01796875 0.0125
31 0.7453125 0.4390625 0.0125 0.0125
30 0.91484375 0.5421875 0.0203125 0.028125
5 0.87734375 0.45390625 0.01875 0.0140625
14 0.8546875 0.37890625 0.1921875 0.05859375
20 0.73828125 0.5703125 0.01875 0.0140625
28 0.5734375 0.55 0.04453125 0.01015625
14 0.340625 0.51171875 0.09453125 0.0875
27 0.40546875 0.50625 0.01875 0.015625
20 0.525 0.54765625 0.01640625 0.0140625
23 0.49375 0.51875 0.028125 0.021875
23 0.43828125 0.7140625 0.0265625 0.0203125
20 0.40234375 0.57109375 0.015625 0.0125
10 0.34765625 0.56875 0.0359375 0.01015625
33 0.1359375 0.621875 0.0203125 0.01640625
37 0.13515625 0.6390625 0.0203125 0.02421875
20 0.17265625 0.5703125 0.015625 0.0140625
37 0.1359375 0.80078125 0.02265625 0.0265625
28 0.31015625 0.83828125 0.109375 0.0078125
10 0.54140625 0.78046875 0.0140625 0.0265625
10 0.5171875 0.78828125 0.0140625 0.0265625
2 0.515625 0.81640625 0.01796875 0.0265625
7 0.515625 0.80625 0.01796875 0.021875
28 0.73828125 0.840625 0.0890625 0.00859375
10 0.91796875 0.8203125 0.0140625 0.0265625
10 0.91796875 0.6578125 0.0140625 0.028125
30 0.13515625 0.5421875 0.02265625 0.03046875
5 0.18125 0.44296875 0.01640625 0.0125