22 0.76640625 0.2984375 0.034375 0.02265625
22 0.3296875 0.29765625 0.03125 0.0265625
22 0.57890625 0.48203125 0.02890625 0.02265625
22 0.73515625 0.76796875 0.03046875 0.02421875
22 0.3109375 0.7484375 0.03046875 0.02421875
21 0.17109375 0.48828125 0.02265625 0.0265625
21 0.2796875 0.4890625 0.025 0.0265625
21 0.225 0.5703125 0.02421875 0.025
21 0.90390625 0.48515625 0.02265625 0.02734375
21 0.80390625 0.48515625 0.025 0.02734375
21 0.803125 0.575 0.02421875 0.0265625
21 0.9046875 0.575 0.02421875 0.0265625
10 0.1140625 0.6703125 0.0140625 0.0265625
10 0.1140625 0.83046875 0.0140625 0.0265625
28 0.303125 0.8796875 0.096875 0.00859375
20 0.40859375 0.6234375 0.01640625 0.01484375
2 0.534375 0.74765625 0.01796875 0.02890625
10 0.53046875 0.77421875 0.0125 0.0265625
10 0.50859375 0.74453125 0.0125 0.025
28 0.7515625 0.88125 0.084375 0.00859375
10 0.93984375 0.85078125 0.0140625 0.0265625
10 0.93984375 0.6890625 0.0140625 0.025
20 0.7421875 0.52890625 0.01796875 0.01484375
20 0.7421875 0.6375 0.01796875 0.0125
31 0.7453125 0.56015625 0.0125 0.0125
30 0.91328125 0.45859375 0.0203125 0.02734375
5 0.87578125 0.54609375 0.01875 0.0140625
14 0.853125 0.61953125 0.18984375 0.0578125
20 0.73828125 0.43046875 0.01875 0.0140625
28 0.575 0.45078125 0.04375 0.01015625
14 0.3453125 0.48828125 0.09296875 0.08671875
27 0.40859375 0.49375 0.01875 0.01484375
20 0.52734375 0.453125 0.01640625 0.0140625
23 0.49609375 0.48203125 0.02734375 0.02109375
23 0.44140625 0.28828125 0.0265625 0.0203125
20 0.40546875 0.4296875 0.01484375 0.0125
10 0.3515625 0.43203125 0.03515625 0.01015625
33 0.1421875 0.3796875 0.0203125 0.01640625
37 0.14140625 0.36171875 0.0203125 0.02421875
20 0.17890625 0.43046875 0.01484375 0.0140625
37 0.1421875 0.20234375 0.02265625 0.0265625
28 0.31484375 0.16484375 0.10859375 0.0078125
10 0.54375 0.22265625 0.0140625 0.0265625
10 0.51953125 0.21484375 0.0140625 0.0265625
2 0.51796875 0.18671875 0.01796875 0.0265625
7 0.51796875 0.196875 0.01796875 0.02109375
28 0.73828125 0.16328125 0.08828125 0.00859375
10 0.91640625 0.18359375 0.0140625 0.0265625
10 0.91640625 0.34375 0.0140625 0.02734375
30 0.14140625 0.45859375 0.02265625 0.03046875
5 0.18671875 0.55703125 0.01640625 0.0125