22 0.44375 0.57421875 0.021875 0.0234375
22 0.23125 0.72109375 0.021875 0.02421875
21 0.13125 0.11328125 0.01875 0.02734375
21 0.25390625 0.11328125 0.01640625 0.02421875
21 0.13125 0.21640625 0.01875 0.02578125
21 0.2546875 0.21640625 0.01796875 0.02578125
21 0.13203125 0.3203125 0.01796875 0.02578125
21 0.2546875 0.3203125 0.01796875 0.02578125
21 0.37734375 0.21640625 0.01796875 0.02578125
21 0.37734375 0.31875 0.01796875 0.0234375
21 0.50234375 0.21640625 0.01796875 0.02578125
21 0.50234375 0.31953125 0.01796875 0.02421875
21 0.1234375 0.44140625 0.01796875 0.02421875
21 0.20703125 0.44140625 0.01796875 0.02421875
21 0.32890625 0.4359375 0.01796875 0.02421875
21 0.49921875 0.840625 0.01796875 0.02578125
37 0.08046875 0.0828125 0.01875 0.034375
10 0.73671875 0.2078125 0.0328125 0.01328125
13 0.73984375 0.16171875 0.01484375 0.02890625
20 0.621875 0.2078125 0.01328125 0.01328125
10 0.55546875 0.240625 0.0125 0.0328125
36 0.7046875 0.41796875 0.0078125 0.14765625
36 0.9265625 0.41875 0.009375 0.14921875
20 0.5921875 0.62734375 0.0125 0.01328125
8 0.5578125 0.70625 0.00703125 0.0296875
12 0.5875 0.70703125 0.0078125 0.03671875
24 0.8140625 0.665625 0.01640625 0.01328125
18 0.07734375 0.13046875 0.01484375 0.01796875
17 0.07890625 0.15 0.01484375 0.0296875
26 0.07890625 0.2296875 0.01484375 0.01875
10 0.0765625 0.253125 0.01328125 0.03125
29 0.084375 0.1875 0.01796875 0.0203125
10 0.2265625 0.175 0.0328125 0.01328125
6 0.19453125 0.1078125 0.01796875 0.01875
37 0.26484375 0.06796875 0.0296875 0.01875
10 0.28046875 0.0265625 0.03125 0.0125
13 0.28203125 0.0171875 0.01484375 0.0234375
25 0.178125 0.01796875 0.0203125 0.021875
39 0.171875 0.07890625 0.0109375 0.009375
20 0.30625 0.06484375 0.01640625 0.01484375
28 0.1296875 0.38359375 0.04609375 0.0078125
20 0.17109375 0.36484375 0.01328125 0.01328125
20 0.171875 0.3875 0.01328125 0.01484375
13 0.0328125 0.37421875 0.02734375 0.01640625
6 0.16796875 0.4359375 0.01875 0.01875
10 0.2421875 0.51953125 0.03125 0.0125
10 0.109375 0.53984375 0.0328125 0.01328125
28 0.16953125 0.5375 0.04609375 0.009375
28 0.36171875 0.484375 0.03125 0.00703125
5 0.30703125 0.459375 0.01328125 0.0109375
20 0.38828125 0.36328125 0.01328125 0.01328125
20 0.40703125 0.39921875 0.0109375 0.01328125
10 0.31796875 0.365625 0.03125 0.0125
7 0.34609375 0.36328125 0.0234375 0.01640625
27 0.37265625 0.36484375 0.01328125 0.01328125
38 0.55859375 0.40546875 0.00546875 0.03515625
10 0.55625 0.43984375 0.01328125 0.0296875
2 0.553125 0.4734375 0.01640625 0.03125
33 0.55234375 0.46484375 0.01796875 0.01484375
27 0.40546875 0.496875 0.01328125 0.01484375
23 0.44296875 0.5359375 0.0203125 0.0203125
20 0.3828125 0.58828125 0.01328125 0.0125
31 0.4046875 0.6265625 0.0125 0.01796875
33 0.38203125 0.6546875 0.01796875 0.01640625
37 0.38046875 0.6796875 0.0203125 0.03125
28 0.40390625 0.67890625 0.00703125 0.05703125
20 0.44453125 0.7625 0.0125 0.01328125
15 0.43515625 0.7625 0.01796875 0.01328125
0 0.41015625 0.76328125 0.0125 0.0109375
10 0.3484375 0.90546875 0.03515625 0.01328125
28 0.23125 0.98515625 0.0765625 0.0078125
16 0.0453125 0.85703125 0.00546875 0.03671875
10 0.07734375 0.85234375 0.0125 0.0328125
2 0.07890625 0.884375 0.01640625 0.03125
7 0.07890625 0.896875 0.01796875 0.0234375