22 0.5671875 0.42578125 0.02109375 0.02265625
22 0.77578125 0.28125 0.02109375 0.02421875
21 0.87421875 0.878125 0.01875 0.0265625
21 0.753125 0.878125 0.01640625 0.02421875
21 0.87421875 0.7765625 0.01875 0.02578125
21 0.75234375 0.7765625 0.0171875 0.02578125
21 0.8734375 0.675 0.0171875 0.02578125
21 0.75234375 0.675 0.0171875 0.02578125
21 0.63203125 0.7765625 0.0171875 0.02578125
21 0.63203125 0.6765625 0.0171875 0.02265625
21 0.51015625 0.7765625 0.0171875 0.02578125
21 0.51015625 0.67578125 0.0171875 0.02421875
21 0.88125 0.55625 0.0171875 0.02421875
21 0.79921875 0.55625 0.0171875 0.02421875
21 0.68046875 0.56171875 0.0171875 0.02421875
21 0.5125 0.1640625 0.0171875 0.02578125
37 0.9234375 0.9078125 0.01875 0.03359375
10 0.28046875 0.78515625 0.03203125 0.01328125
13 0.2765625 0.83046875 0.01484375 0.028125
20 0.39296875 0.78515625 0.01328125 0.01328125
10 0.4578125 0.753125 0.01171875 0.03203125
36 0.3109375 0.57890625 0.0078125 0.14453125
36 0.09296875 0.578125 0.009375 0.14609375
20 0.421875 0.37421875 0.01171875 0.01328125
8 0.45546875 0.29609375 0.00703125 0.0296875
12 0.4265625 0.2953125 0.0078125 0.0359375
24 0.20390625 0.33671875 0.01640625 0.01328125
18 0.9265625 0.8609375 0.01484375 0.0171875
17 0.92578125 0.8421875 0.01484375 0.0296875
26 0.92578125 0.7640625 0.01484375 0.01875
10 0.92734375 0.740625 0.01328125 0.03046875
29 0.9203125 0.8046875 0.0171875 0.0203125
10 0.78046875 0.81796875 0.03203125 0.01328125
6 0.81171875 0.88359375 0.0171875 0.01875
37 0.74296875 0.921875 0.0296875 0.01875
10 0.72734375 0.96328125 0.03046875 0.01171875
13 0.72578125 0.97265625 0.01484375 0.02265625
25 0.828125 0.971875 0.0203125 0.02109375
39 0.83359375 0.9125 0.0109375 0.009375
20 0.70234375 0.92578125 0.01640625 0.01484375
28 0.875 0.6125 0.0453125 0.0078125
20 0.83515625 0.63125 0.01328125 0.01328125
20 0.83359375 0.609375 0.01328125 0.01484375
13 0.9703125 0.621875 0.0265625 0.01640625
6 0.8375 0.56171875 0.01875 0.01875
10 0.76484375 0.47890625 0.03046875 0.01171875
10 0.8953125 0.46015625 0.03203125 0.01328125
28 0.83671875 0.46171875 0.0453125 0.009375
28 0.6484375 0.5140625 0.03046875 0.00703125
5 0.70078125 0.5390625 0.01328125 0.0109375
20 0.621875 0.6328125 0.01328125 0.01328125
20 0.603125 0.59765625 0.0109375 0.01328125
10 0.69140625 0.63046875 0.03046875 0.01171875
7 0.6625 0.6328125 0.02265625 0.01640625
27 0.63671875 0.63125 0.01328125 0.01328125
38 0.4546875 0.59140625 0.00546875 0.03515625
10 0.45703125 0.5578125 0.01328125 0.0296875
2 0.46015625 0.525 0.01640625 0.03046875
33 0.46015625 0.5328125 0.0171875 0.01484375
27 0.6046875 0.50234375 0.01328125 0.01484375
23 0.56796875 0.46328125 0.0203125 0.0203125
20 0.62734375 0.4125 0.01328125 0.01171875
31 0.60546875 0.375 0.01171875 0.0171875
33 0.628125 0.346875 0.0171875 0.01640625
37 0.6296875 0.32265625 0.0203125 0.03046875
28 0.60625 0.3234375 0.00703125 0.05625
20 0.56640625 0.24140625 0.01171875 0.01328125
15 0.57578125 0.24140625 0.0171875 0.01328125
0 0.6 0.23984375 0.01171875 0.0109375
10 0.6609375 0.10078125 0.03515625 0.01328125
28 0.77578125 0.02265625 0.075 0.0078125
16 0.95859375 0.1484375 0.00546875 0.0359375
10 0.9265625 0.153125 0.01171875 0.03203125
2 0.925 0.12109375 0.01640625 0.03046875
7 0.92578125 0.109375 0.0171875 0.02265625