22 0.6 0.59375 0.021875 0.02265625
22 0.8109375 0.7390625 0.021875 0.02421875
21 0.909375 0.1375 0.01875 0.02734375
21 0.7875 0.1375 0.01640625 0.02421875
21 0.909375 0.23984375 0.01875 0.02578125
21 0.7875 0.23984375 0.0171875 0.02578125
21 0.90859375 0.3421875 0.0171875 0.02578125
21 0.7875 0.3421875 0.0171875 0.02578125
21 0.665625 0.23984375 0.0171875 0.02578125
21 0.665625 0.34140625 0.0171875 0.02265625
21 0.5421875 0.23984375 0.0171875 0.02578125
21 0.5421875 0.3421875 0.0171875 0.02421875
21 0.9171875 0.4625 0.0171875 0.02421875
21 0.834375 0.4625 0.0171875 0.02421875
21 0.7140625 0.45703125 0.0171875 0.02421875
21 0.5453125 0.8578125 0.0171875 0.02578125
37 0.959375 0.1078125 0.01875 0.03359375
10 0.3109375 0.23125 0.0328125 0.01328125
13 0.3078125 0.1859375 0.01484375 0.028125
20 0.42421875 0.23125 0.01328125 0.01328125
10 0.48984375 0.26328125 0.0125 0.0328125
36 0.3421875 0.4390625 0.0078125 0.14609375
36 0.12265625 0.43984375 0.009375 0.14765625
20 0.453125 0.64609375 0.0125 0.01328125
8 0.4875 0.72421875 0.00703125 0.0296875
12 0.4578125 0.725 0.0078125 0.03671875
24 0.23359375 0.68359375 0.01640625 0.01328125
18 0.9625 0.1546875 0.01484375 0.0171875
17 0.96171875 0.17421875 0.01484375 0.0296875
26 0.96171875 0.25234375 0.01484375 0.01875
10 0.96328125 0.2765625 0.01328125 0.03125
29 0.95625 0.21171875 0.0171875 0.0203125
10 0.81484375 0.1984375 0.0328125 0.01328125
6 0.846875 0.1328125 0.0171875 0.01875
37 0.77734375 0.09296875 0.0296875 0.01875
10 0.76171875 0.05234375 0.03125 0.0125
13 0.76015625 0.0421875 0.01484375 0.02265625
25 0.8625 0.04296875 0.0203125 0.021875
39 0.86875 0.103125 0.0109375 0.009375
20 0.73671875 0.08984375 0.01640625 0.01484375
28 0.9109375 0.40546875 0.04609375 0.0078125
20 0.8703125 0.38671875 0.01328125 0.01328125
20 0.86875 0.40859375 0.01328125 0.01484375
13 0.996875 0.3953125 0.00625 0.015625
6 0.87265625 0.45703125 0.01875 0.01875
10 0.79921875 0.53984375 0.03125 0.0125
10 0.93125 0.559375 0.0328125 0.01328125
28 0.871875 0.5578125 0.04609375 0.009375
28 0.68203125 0.5046875 0.03125 0.00703125
5 0.73515625 0.4796875 0.01328125 0.0109375
20 0.65546875 0.38515625 0.01328125 0.01328125
20 0.63671875 0.4203125 0.0109375 0.01328125
10 0.725 0.3875 0.03125 0.0125
7 0.696875 0.38515625 0.02265625 0.01640625
27 0.6703125 0.38671875 0.01328125 0.01328125
38 0.48671875 0.42734375 0.00546875 0.03515625
10 0.4890625 0.4609375 0.01328125 0.0296875
2 0.4921875 0.49375 0.01640625 0.03125
33 0.4921875 0.4859375 0.0171875 0.01484375
27 0.6375 0.5171875 0.01328125 0.01484375
23 0.60078125 0.55625 0.0203125 0.0203125
20 0.6609375 0.6078125 0.01328125 0.0125
31 0.63828125 0.6453125 0.0125 0.0171875
33 0.66171875 0.67265625 0.0171875 0.01640625
37 0.6625 0.69765625 0.0203125 0.03125
28 0.63984375 0.69765625 0.00703125 0.05703125
20 0.59921875 0.7796875 0.0125 0.01328125
15 0.60859375 0.7796875 0.0171875 0.01328125
0 0.6328125 0.78125 0.0125 0.0109375
10 0.69453125 0.921875 0.03515625 0.01328125
28 0.8109375 0.99765625 0.07578125 0.00390625
16 0.99453125 0.8734375 0.00546875 0.03671875
10 0.9625 0.86875 0.0125 0.0328125
2 0.9609375 0.90078125 0.01640625 0.03125
7 0.96171875 0.9125 0.0171875 0.02265625