22 0.790625 0.47890625 0.028125 0.02734375
22 0.4984375 0.74921875 0.0296875 0.028125
22 0.78984375 0.8125 0.02734375 0.02578125
22 0.1984375 0.74921875 0.02734375 0.028125
37 0.6265625 0.3515625 0.01796875 0.02578125
10 0.65078125 0.28125 0.02578125 0.01171875
13 0.6140625 0.2703125 0.01640625 0.03125
25 0.575 0.2734375 0.02578125 0.02421875
20 0.4265625 0.32109375 0.01796875 0.01640625
21 0.50390625 0.35859375 0.0203125 0.02734375
10 0.60390625 0.4 0.009375 0.02734375
28 0.62265625 0.45703125 0.0078125 0.06328125
21 0.50390625 0.44609375 0.01796875 0.028125
28 0.53828125 0.4984375 0.03515625 0.01015625
21 0.52890625 0.54375 0.01953125 0.028125
5 0.56875 0.546875 0.0140625 0.015625
20 0.59765625 0.60859375 0.01640625 0.015625
31 0.57265625 0.634375 0.01015625 0.01328125
27 0.56875 0.64921875 0.01640625 0.01640625
20 0.4484375 0.60859375 0.015625 0.015625
20 0.34453125 0.58359375 0.0140625 0.0140625
6 0.44296875 0.396875 0.0203125 0.0234375
27 0.3921875 0.29140625 0.01640625 0.01640625
20 0.39140625 0.26640625 0.015625 0.015625
10 0.2703125 0.3078125 0.02578125 0.01328125
21 0.3515625 0.36015625 0.0203125 0.028125
21 0.23125 0.36015625 0.0203125 0.028125
21 0.1125 0.36015625 0.0203125 0.028125
17 0.05625 0.3515625 0.01953125 0.03359375
37 0.05390625 0.33046875 0.01796875 0.02578125
39 0.18515625 0.33359375 0.01171875 0.01171875
35 0.2328125 0.265625 0.1265625 0.04765625
2 0.390625 0.05078125 0.01640625 0.0375
7 0.390625 0.06171875 0.01640625 0.0234375
10 0.39375 0.08203125 0.01015625 0.02734375
24 0.09609375 0.00234375 0.0203125 0.0046875
10 0.09375 0.03828125 0.02734375 0.01171875
21 0.3515625 0.509375 0.0203125 0.028125
21 0.23203125 0.509375 0.021875 0.028125
21 0.11171875 0.509375 0.01953125 0.028125
37 0.13671875 0.5828125 0.02578125 0.015625
18 0.11328125 0.58203125 0.021875 0.01640625
26 0.25390625 0.58125 0.021875 0.01796875
37 0.234375 0.58203125 0.02421875 0.01640625
28 0.1828125 0.6046875 0.06328125 0.01015625
10 0.05234375 0.63984375 0.01171875 0.02734375
20 0.31171875 0.7 0.015625 0.015625
33 0.3375 0.74765625 0.01796875 0.01953125
10 0.33359375 0.72265625 0.01171875 0.02734375
2 0.3375 0.75546875 0.01640625 0.0359375
10 0.3140625 0.859375 0.01015625 0.028125
38 0.33125 0.79375 0.00625 0.03984375
10 0.08203125 0.89375 0.02421875 0.01171875
20 0.4515625 0.89140625 0.0140625 0.015625
20 0.43828125 0.89140625 0.015625 0.015625
0 0.46484375 0.89296875 0.015625 0.01328125
28 0.57265625 0.86015625 0.009375 0.05390625
8 0.5734375 0.86015625 0.0078125 0.03515625
10 0.63125 0.89375 0.02734375 0.01015625
13 0.59140625 0.9421875 0.01640625 0.03203125
12 0.62265625 0.96640625 0.0078125 0.04140625
28 0.78984375 0.975 0.1328125 0.009375
16 0.996875 0.86875 0.00625 0.03984375
10 0.9609375 0.8734375 0.01015625 0.02578125
10 0.9609375 0.73125 0.01328125 0.02578125
7 0.9578125 0.3625 0.01640625 0.02734375
2 0.9578125 0.340625 0.01640625 0.0375
10 0.9609375 0.3828125 0.01015625 0.02734375