22 0.78359375 0.51796875 0.02890625 0.028125
22 0.48359375 0.23984375 0.03046875 0.02890625
22 0.7828125 0.175 0.028125 0.0265625
22 0.17578125 0.23984375 0.028125 0.02890625
37 0.615625 0.6484375 0.01875 0.0265625
10 0.640625 0.72109375 0.0265625 0.01171875
13 0.603125 0.73203125 0.0171875 0.03203125
25 0.5625 0.72890625 0.0265625 0.025
20 0.41015625 0.6796875 0.01875 0.0171875
21 0.4890625 0.64140625 0.02109375 0.028125
10 0.5921875 0.5984375 0.009375 0.028125
28 0.61171875 0.540625 0.0078125 0.06484375
21 0.4890625 0.5515625 0.01875 0.02890625
28 0.52421875 0.49765625 0.0359375 0.0109375
21 0.515625 0.45078125 0.01953125 0.02890625
5 0.55625 0.4484375 0.01484375 0.015625
20 0.58515625 0.384375 0.0171875 0.015625
31 0.559375 0.3578125 0.0109375 0.01328125
27 0.55625 0.34296875 0.0171875 0.0171875
20 0.43203125 0.384375 0.015625 0.015625
20 0.32578125 0.41015625 0.01484375 0.01484375
6 0.42734375 0.60234375 0.02109375 0.02421875
27 0.375 0.71015625 0.0171875 0.0171875
20 0.37421875 0.7359375 0.015625 0.015625
10 0.24921875 0.69375 0.0265625 0.01328125
21 0.3328125 0.6390625 0.02109375 0.02890625
21 0.209375 0.6390625 0.02109375 0.02890625
21 0.0875 0.6390625 0.02109375 0.02890625
17 0.0296875 0.6484375 0.01953125 0.034375
37 0.028125 0.66953125 0.01875 0.0265625
39 0.1625 0.66640625 0.01171875 0.01171875
35 0.2109375 0.73671875 0.1296875 0.04921875
2 0.3734375 0.95703125 0.0171875 0.03828125
7 0.3734375 0.9453125 0.0171875 0.02421875
10 0.3765625 0.925 0.0109375 0.028125
10 0.06796875 0.9703125 0.028125 0.01171875
21 0.3328125 0.48671875 0.02109375 0.02890625
21 0.21015625 0.48671875 0.02265625 0.02890625
21 0.08671875 0.48671875 0.01953125 0.02890625
37 0.1125 0.4109375 0.0265625 0.015625
18 0.08828125 0.41171875 0.02265625 0.0171875
26 0.2328125 0.4125 0.02265625 0.01875
37 0.2125 0.41171875 0.025 0.0171875
28 0.16015625 0.38828125 0.06484375 0.0109375
10 0.02578125 0.35234375 0.01171875 0.028125
20 0.29140625 0.290625 0.015625 0.015625
33 0.31796875 0.2421875 0.01875 0.01953125
10 0.31484375 0.2671875 0.01171875 0.028125
2 0.31875 0.23359375 0.0171875 0.0375
10 0.29453125 0.12734375 0.0109375 0.02890625
38 0.3125 0.19453125 0.00625 0.04140625
10 0.05625 0.0921875 0.025 0.01171875
20 0.4359375 0.09453125 0.01484375 0.015625
20 0.421875 0.09453125 0.015625 0.015625
0 0.44921875 0.09296875 0.015625 0.01328125
28 0.56015625 0.12578125 0.009375 0.05546875
8 0.5609375 0.1265625 0.0078125 0.0359375
10 0.6203125 0.09140625 0.028125 0.0109375
13 0.57890625 0.04140625 0.0171875 0.0328125
12 0.61171875 0.01953125 0.0078125 0.03828125
28 0.7828125 0.00859375 0.13671875 0.009375
16 0.99609375 0.1171875 0.0078125 0.04140625
10 0.95859375 0.1125 0.0109375 0.0265625
10 0.95859375 0.25859375 0.01328125 0.0265625
7 0.95546875 0.6375 0.0171875 0.028125
2 0.95546875 0.66015625 0.0171875 0.03828125
10 0.95859375 0.61640625 0.0109375 0.028125