22 0.19609375 0.46171875 0.02890625 0.02734375
22 0.49140625 0.73515625 0.0296875 0.02890625
22 0.19609375 0.79921875 0.02734375 0.02578125
22 0.79453125 0.73515625 0.02734375 0.02890625
37 0.36171875 0.3328125 0.01796875 0.02578125
10 0.33671875 0.26171875 0.02578125 0.01171875
13 0.37421875 0.25078125 0.0171875 0.03125
25 0.4140625 0.25390625 0.02578125 0.025
20 0.5640625 0.30234375 0.01796875 0.0171875
21 0.4859375 0.33984375 0.02109375 0.02734375
10 0.384375 0.38203125 0.009375 0.02734375
28 0.365625 0.4390625 0.0078125 0.0640625
21 0.4859375 0.428125 0.01796875 0.02890625
28 0.45078125 0.48203125 0.03515625 0.01015625
21 0.46015625 0.52734375 0.01953125 0.02890625
5 0.41953125 0.5296875 0.0140625 0.015625
20 0.390625 0.59296875 0.0171875 0.015625
31 0.41640625 0.61875 0.01015625 0.01328125
27 0.41953125 0.63359375 0.0171875 0.0171875
20 0.54140625 0.59296875 0.015625 0.015625
20 0.646875 0.5671875 0.0140625 0.0140625
6 0.546875 0.37890625 0.02109375 0.0234375
27 0.5984375 0.271875 0.0171875 0.0171875
20 0.59921875 0.246875 0.015625 0.015625
10 0.721875 0.28828125 0.02578125 0.01328125
21 0.63984375 0.3421875 0.02109375 0.02890625
21 0.7609375 0.3421875 0.02109375 0.02890625
21 0.88125 0.3421875 0.02109375 0.02890625
17 0.93828125 0.3328125 0.01953125 0.03359375
37 0.93984375 0.31171875 0.01796875 0.02578125
39 0.8078125 0.315625 0.01171875 0.01171875
35 0.76015625 0.24609375 0.128125 0.0484375
2 0.6 0.0296875 0.0171875 0.0375
7 0.6 0.040625 0.0171875 0.0234375
10 0.596875 0.0609375 0.01015625 0.02734375
10 0.9 0.01640625 0.02734375 0.01171875
21 0.63984375 0.4921875 0.02109375 0.02890625
21 0.76015625 0.4921875 0.021875 0.02890625
21 0.88203125 0.4921875 0.01953125 0.02890625
37 0.85625 0.56640625 0.02578125 0.015625
18 0.88046875 0.565625 0.021875 0.0171875
26 0.73828125 0.565625 0.021875 0.01796875
37 0.7578125 0.565625 0.025 0.0171875
28 0.81015625 0.5890625 0.0640625 0.01015625
10 0.9421875 0.625 0.01171875 0.02734375
20 0.68046875 0.68515625 0.015625 0.015625
33 0.65390625 0.7328125 0.01796875 0.01953125
10 0.65703125 0.70859375 0.01171875 0.02734375
2 0.653125 0.74140625 0.0171875 0.03671875
10 0.67734375 0.84609375 0.01015625 0.02890625
38 0.66015625 0.7796875 0.00625 0.040625
10 0.91171875 0.88046875 0.025 0.01171875
20 0.53828125 0.87890625 0.0140625 0.015625
20 0.55234375 0.87890625 0.015625 0.015625
0 0.525 0.8796875 0.015625 0.01328125
28 0.415625 0.846875 0.009375 0.0546875
8 0.41484375 0.846875 0.0078125 0.03515625
10 0.35703125 0.88125 0.02734375 0.01015625
13 0.39765625 0.93046875 0.0171875 0.0328125
12 0.365625 0.9546875 0.0078125 0.04140625
28 0.19609375 0.9625 0.134375 0.009375
10 0.0234375 0.86015625 0.01015625 0.02578125
10 0.0234375 0.71640625 0.01328125 0.02578125
7 0.0265625 0.34375 0.0171875 0.02734375
2 0.0265625 0.321875 0.0171875 0.0375
10 0.0234375 0.36484375 0.01015625 0.02734375