22 0.26640625 0.721875 0.02421875 0.028125
22 0.53828125 0.72265625 0.02421875 0.0265625
22 0.8015625 0.7875 0.02265625 0.028125
22 0.80078125 0.44609375 0.02421875 0.028125
21 0.54296875 0.32265625 0.0171875 0.03046875
21 0.54375 0.4109375 0.01875 0.02890625
21 0.40546875 0.325 0.0171875 0.02890625
21 0.296875 0.32421875 0.01875 0.028125
21 0.18984375 0.32421875 0.01875 0.028125
10 0.33125 0.27109375 0.025 0.01171875
27 0.44140625 0.253125 0.015625 0.01875
20 0.440625 0.22734375 0.01484375 0.01484375
17 0.13828125 0.31640625 0.0171875 0.0328125
37 0.1375 0.29453125 0.01484375 0.0265625
35 0.296875 0.22890625 0.1140625 0.04921875
2 0.440625 0.01328125 0.015625 0.0265625
7 0.440625 0.0203125 0.0171875 0.025
10 0.44375 0.04140625 0.009375 0.0265625
6 0.48828125 0.36171875 0.01875 0.02265625
21 0.40546875 0.47578125 0.01875 0.02890625
21 0.296875 0.47578125 0.01875 0.02890625
21 0.1890625 0.4765625 0.0171875 0.028125
20 0.39921875 0.5515625 0.01328125 0.015625
26 0.3171875 0.55078125 0.02109375 0.01875
37 0.29921875 0.5515625 0.02265625 0.01875
37 0.21171875 0.5515625 0.02265625 0.015625
18 0.18984375 0.5515625 0.02109375 0.01875
28 0.25234375 0.575 0.05703125 0.009375
10 0.134375 0.6109375 0.009375 0.028125
16 0.103125 0.6453125 0.00625 0.04140625
29 0.25234375 0.54140625 0.0171875 0.02265625
33 0.3921875 0.71953125 0.015625 0.01953125
10 0.390625 0.6953125 0.01171875 0.0265625
2 0.39375 0.7296875 0.01875 0.0375
38 0.38828125 0.76796875 0.0078125 0.03984375
10 0.371875 0.834375 0.009375 0.02890625
10 0.1609375 0.86953125 0.025 0.01171875
0 0.51796875 0.86953125 0.01171875 0.01171875
24 0.50078125 0.86796875 0.02265625 0.01484375
20 0.4953125 0.8671875 0.01484375 0.015625
20 0.4828125 0.86796875 0.01328125 0.01484375
10 0.65703125 0.86953125 0.025 0.01171875
28 0.60546875 0.83515625 0.009375 0.05546875
8 0.60546875 0.8359375 0.00625 0.0359375
13 0.621875 0.91875 0.015625 0.03203125
12 0.65078125 0.94375 0.00625 0.04140625
20 0.36953125 0.671875 0.01484375 0.01484375
20 0.49375 0.578125 0.01484375 0.015625
28 0.57421875 0.46484375 0.03203125 0.009375
21 0.56640625 0.5125 0.015625 0.03046875
20 0.62734375 0.57890625 0.01328125 0.0171875
31 0.60546875 0.60390625 0.009375 0.01484375
27 0.60234375 0.6203125 0.015625 0.0171875
5 0.60234375 0.515625 0.01328125 0.01484375
28 0.6515625 0.4234375 0.0078125 0.06328125
37 0.6546875 0.31640625 0.0171875 0.028125
10 0.63359375 0.365625 0.009375 0.028125
25 0.60703125 0.234375 0.02265625 0.0265625
13 0.64375 0.23203125 0.01484375 0.03203125
10 0.67734375 0.24375 0.025 0.01171875
20 0.47265625 0.28359375 0.0171875 0.015625
28 0.8015625 0.95390625 0.1203125 0.0109375
10 0.95703125 0.84921875 0.009375 0.025
16 0.9890625 0.7015625 0.00625 0.03984375
7 0.95390625 0.3296875 0.015625 0.025
10 0.95625 0.35 0.0109375 0.0265625
2 0.953125 0.30703125 0.0171875 0.03828125
24 0.94375 0.2421875 0.0171875 0.01484375