22 0.26953125 0.271875 0.02265625 0.0265625
22 0.53203125 0.27109375 0.02265625 0.02578125
22 0.7859375 0.209375 0.021875 0.0265625
22 0.78515625 0.5375 0.02265625 0.0265625
21 0.53671875 0.65703125 0.01640625 0.0296875
21 0.53671875 0.571875 0.01796875 0.028125
21 0.403125 0.6546875 0.01640625 0.028125
21 0.29921875 0.65546875 0.01796875 0.0265625
21 0.1953125 0.65546875 0.01796875 0.0265625
10 0.33203125 0.70625 0.02421875 0.01171875
27 0.43828125 0.7234375 0.015625 0.01796875
20 0.43828125 0.7484375 0.0140625 0.0140625
17 0.14609375 0.66328125 0.01640625 0.03203125
37 0.1453125 0.684375 0.0140625 0.02578125
35 0.29921875 0.74765625 0.11015625 0.04765625
2 0.4375 0.96015625 0.015625 0.0359375
7 0.43828125 0.9484375 0.01640625 0.02421875
10 0.440625 0.928125 0.00859375 0.02578125
10 0.178125 0.97265625 0.02421875 0.01171875
6 0.48359375 0.61953125 0.01796875 0.021875
21 0.40390625 0.50859375 0.01796875 0.028125
21 0.29921875 0.50859375 0.01796875 0.028125
21 0.1953125 0.50859375 0.01640625 0.0265625
20 0.39765625 0.4359375 0.0125 0.015625
26 0.31875 0.4375 0.0203125 0.01796875
37 0.30078125 0.4359375 0.021875 0.01796875
37 0.21640625 0.4359375 0.021875 0.015625
18 0.1953125 0.4359375 0.0203125 0.01796875
28 0.25625 0.4140625 0.0546875 0.00859375
10 0.14296875 0.37890625 0.00859375 0.0265625
16 0.11171875 0.34609375 0.00625 0.03984375
29 0.25625 0.4453125 0.01640625 0.021875
33 0.39140625 0.27421875 0.015625 0.01953125
10 0.3890625 0.29765625 0.01171875 0.02578125
2 0.39296875 0.26484375 0.01796875 0.0359375
38 0.3875 0.22734375 0.0078125 0.03828125
10 0.37109375 0.1640625 0.00859375 0.028125
10 0.16796875 0.1296875 0.02421875 0.01171875
0 0.5125 0.1296875 0.01171875 0.01171875
24 0.4953125 0.13125 0.021875 0.0140625
20 0.490625 0.13203125 0.0140625 0.015625
20 0.478125 0.13125 0.0125 0.0140625
10 0.64609375 0.1296875 0.02421875 0.01171875
28 0.596875 0.1625 0.00859375 0.05390625
8 0.596875 0.16171875 0.00625 0.034375
13 0.6125 0.08203125 0.015625 0.03046875
12 0.63984375 0.0578125 0.00625 0.03984375
20 0.36875 0.3203125 0.0140625 0.0140625
20 0.4890625 0.41015625 0.0140625 0.015625
28 0.56640625 0.51953125 0.03046875 0.00859375
21 0.55859375 0.4734375 0.015625 0.0296875
20 0.61796875 0.41015625 0.0125 0.01640625
31 0.596875 0.3859375 0.00859375 0.0140625
27 0.59296875 0.3703125 0.015625 0.01640625
5 0.59296875 0.47109375 0.0125 0.0140625
28 0.640625 0.56015625 0.0078125 0.06171875
37 0.64375 0.66328125 0.01640625 0.0265625
10 0.6234375 0.615625 0.00859375 0.0265625
25 0.59765625 0.74140625 0.021875 0.02578125
13 0.63359375 0.74453125 0.0140625 0.03046875
10 0.665625 0.73359375 0.02421875 0.01171875
20 0.46875 0.69453125 0.01640625 0.015625
28 0.7859375 0.0484375 0.11640625 0.01015625
10 0.93515625 0.14921875 0.00859375 0.02421875
16 0.96640625 0.29140625 0.00625 0.03828125
7 0.93203125 0.65 0.015625 0.02421875
10 0.93515625 0.63046875 0.01015625 0.02578125
2 0.93125 0.671875 0.01640625 0.03671875
24 0.92265625 0.734375 0.01640625 0.0140625