22 0.42421875 0.5734375 0.0203125 0.02265625
22 0.2265625 0.7125 0.0203125 0.02265625
21 0.47734375 0.23515625 0.01796875 0.025
21 0.3625 0.23515625 0.01640625 0.02421875
21 0.2484375 0.23515625 0.01640625 0.02421875
21 0.47734375 0.3328125 0.01484375 0.025
21 0.3625 0.3328125 0.01640625 0.025
21 0.2484375 0.33359375 0.01640625 0.02421875
21 0.2484375 0.13828125 0.01640625 0.02265625
21 0.13359375 0.1375 0.01640625 0.02421875
21 0.13359375 0.23515625 0.01640625 0.025
21 0.13359375 0.3328125 0.01640625 0.025
21 0.3171875 0.4421875 0.01640625 0.02421875
21 0.2046875 0.44765625 0.01640625 0.02421875
21 0.12734375 0.44765625 0.01640625 0.02421875
21 0.475 0.825 0.01640625 0.02421875
13 0.04296875 0.38359375 0.025 0.01484375
13 0.27265625 0.04921875 0.0140625 0.028125
13 0.6984375 0.184375 0.0140625 0.0265625
36 0.66484375 0.425 0.00859375 0.1390625
36 0.871875 0.425 0.01015625 0.1390625
20 0.56171875 0.6234375 0.01171875 0.0140625
20 0.58828125 0.228125 0.0125 0.0125
20 0.29609375 0.0921875 0.0125 0.0125
20 0.1703125 0.375 0.0140625 0.0125
20 0.171875 0.39609375 0.0140625 0.0125
20 0.37265625 0.375 0.0140625 0.0125
20 0.3890625 0.4078125 0.01171875 0.0125
20 0.36875 0.59453125 0.0140625 0.0140625
20 0.425 0.75078125 0.01484375 0.0125
31 0.38828125 0.62265625 0.0125 0.01484375
10 0.08359375 0.83515625 0.0125 0.03046875
10 0.33515625 0.88671875 0.02890625 0.01171875
15 0.40859375 0.75078125 0.01640625 0.0125
0 0.39375 0.7515625 0.0125 0.0140625
37 0.36640625 0.67265625 0.01875 0.02890625
10 0.1140625 0.53984375 0.03046875 0.0140625
10 0.2375 0.521875 0.03203125 0.01171875
10 0.30703125 0.375 0.02890625 0.01171875
10 0.528125 0.25703125 0.0125 0.0328125
10 0.6953125 0.22734375 0.03046875 0.0140625
10 0.221875 0.1953125 0.03203125 0.0140625
10 0.2734375 0.05703125 0.028125 0.0125
37 0.2578125 0.09453125 0.0265625 0.01875
37 0.0875 0.10859375 0.01796875 0.03046875
10 0.084375 0.26796875 0.01171875 0.02890625
10 0.528125 0.4515625 0.0125 0.0328125
24 0.7703125 0.659375 0.01640625 0.0125
17 0.08515625 0.14609375 0.01484375 0.02421875
18 0.08515625 0.1640625 0.0140625 0.01875
24 0.08515625 0.2421875 0.0140625 0.01875
29 0.08671875 0.20859375 0.01640625 0.01796875
6 0.18828125 0.1328125 0.01796875 0.01796875
6 0.1625 0.4421875 0.01640625 0.01875
28 0.2265625 0.96171875 0.07109375 0.0078125
28 0.38828125 0.671875 0.00625 0.0515625
16 0.05390625 0.8390625 0.00625 0.0328125
7 0.08515625 0.871875 0.0140625 0.021875
2 0.08515625 0.85078125 0.01640625 0.03046875
28 0.16953125 0.53828125 0.04296875 0.0078125
28 0.34765625 0.48828125 0.02890625 0.0078125
27 0.3578125 0.37421875 0.0140625 0.0140625
7 0.32734375 0.37421875 0.01875 0.01640625
28 0.1328125 0.39296875 0.04296875 0.00859375
5 0.2984375 0.46484375 0.01171875 0.0125
27 0.38984375 0.5 0.0125 0.01484375
23 0.4234375 0.53671875 0.01875 0.0203125
33 0.5265625 0.475 0.01484375 0.01484375
2 0.52578125 0.49765625 0.01640625 0.03046875
38 0.53203125 0.41328125 0.0078125 0.034375
39 0.171875 0.1046875 0.0078125 0.0078125
25 0.17734375 0.04765625 0.0203125 0.021875
12 0.5578125 0.6984375 0.00625 0.034375