22 0.56171875 0.58671875 0.02109375 0.0234375
22 0.76640625 0.73125 0.02109375 0.0234375
21 0.50625 0.2359375 0.01875 0.0265625
21 0.625 0.2359375 0.0171875 0.025
21 0.74375 0.2359375 0.0171875 0.025
21 0.50625 0.3375 0.015625 0.0265625
21 0.625 0.3375 0.0171875 0.0265625
21 0.74375 0.33828125 0.0171875 0.025
21 0.74375 0.13515625 0.0171875 0.0234375
21 0.8625 0.134375 0.0171875 0.025
21 0.8625 0.2359375 0.0171875 0.0265625
21 0.8625 0.3375 0.0171875 0.0265625
21 0.67265625 0.45078125 0.0171875 0.025
21 0.7890625 0.45625 0.0171875 0.025
21 0.86953125 0.45625 0.0171875 0.025
21 0.50859375 0.846875 0.0171875 0.025
13 0.95703125 0.38984375 0.0265625 0.015625
13 0.71875 0.04296875 0.0140625 0.02890625
13 0.27734375 0.1828125 0.0140625 0.02734375
36 0.31171875 0.4328125 0.009375 0.14453125
36 0.096875 0.4328125 0.01015625 0.14453125
20 0.41953125 0.63828125 0.01171875 0.0140625
20 0.39140625 0.228125 0.01328125 0.01328125
20 0.69453125 0.08828125 0.01328125 0.01328125
20 0.825 0.38046875 0.0140625 0.01328125
20 0.8234375 0.403125 0.0140625 0.01328125
20 0.61484375 0.38046875 0.0140625 0.01328125
20 0.59765625 0.41484375 0.01171875 0.01328125
20 0.61875 0.60859375 0.0140625 0.0140625
20 0.56015625 0.7703125 0.015625 0.01328125
31 0.5984375 0.6375 0.01328125 0.015625
10 0.91484375 0.85859375 0.01328125 0.03125
10 0.65390625 0.91171875 0.03046875 0.01171875
15 0.578125 0.7703125 0.0171875 0.01328125
0 0.59296875 0.77109375 0.01328125 0.0140625
37 0.62109375 0.68984375 0.01953125 0.03046875
10 0.8828125 0.5515625 0.03125 0.0140625
10 0.75546875 0.53359375 0.0328125 0.01171875
10 0.6828125 0.38125 0.03046875 0.01171875
10 0.45390625 0.25859375 0.01328125 0.034375
10 0.28046875 0.22734375 0.03125 0.0140625
10 0.77109375 0.19453125 0.0328125 0.0140625
10 0.71796875 0.0515625 0.02890625 0.01328125
37 0.734375 0.08984375 0.02734375 0.01953125
37 0.9109375 0.1046875 0.01875 0.03125
10 0.9140625 0.26953125 0.01171875 0.03046875
10 0.45390625 0.4609375 0.01328125 0.034375
24 0.203125 0.67578125 0.0171875 0.01328125
17 0.91328125 0.14375 0.015625 0.025
18 0.9125 0.16171875 0.0140625 0.01953125
24 0.9125 0.24375 0.0140625 0.01953125
29 0.91171875 0.20859375 0.0171875 0.01875
6 0.80546875 0.1296875 0.01875 0.01875
6 0.8328125 0.45078125 0.0171875 0.01953125
28 0.76640625 0.98984375 0.0734375 0.0078125
28 0.59921875 0.68828125 0.00625 0.05390625
16 0.9453125 0.8625 0.00625 0.034375
7 0.9125 0.8953125 0.0140625 0.02265625
2 0.9125 0.87421875 0.0171875 0.03125
28 0.82578125 0.55 0.04453125 0.0078125
28 0.64140625 0.4984375 0.03046875 0.0078125
27 0.63046875 0.3796875 0.0140625 0.0140625
7 0.66171875 0.3796875 0.01953125 0.0171875
28 0.86328125 0.39921875 0.04453125 0.009375
5 0.6921875 0.4734375 0.01171875 0.01328125
27 0.596875 0.51015625 0.01328125 0.015625
23 0.5625 0.5484375 0.01953125 0.02109375
33 0.45546875 0.484375 0.015625 0.015625
2 0.45625 0.5078125 0.0171875 0.03125
38 0.45 0.4203125 0.0078125 0.03515625
39 0.82265625 0.10078125 0.0078125 0.0078125
25 0.81796875 0.04140625 0.02109375 0.02265625
12 0.4234375 0.715625 0.00625 0.03515625