22 0.41484375 0.58046875 0.0203125 0.02265625
22 0.21640625 0.7203125 0.0203125 0.02265625
21 0.46796875 0.240625 0.01796875 0.02578125
21 0.353125 0.23984375 0.01640625 0.02421875
21 0.23828125 0.23984375 0.01640625 0.02421875
21 0.46796875 0.33828125 0.015625 0.02578125
21 0.353125 0.33828125 0.01640625 0.02578125
21 0.23828125 0.3390625 0.01640625 0.02421875
21 0.23828125 0.1421875 0.01640625 0.02265625
21 0.12265625 0.1421875 0.01640625 0.02421875
21 0.12265625 0.240625 0.01640625 0.02578125
21 0.12265625 0.33828125 0.01640625 0.02578125
21 0.30703125 0.4484375 0.01640625 0.02421875
21 0.19375 0.45390625 0.01640625 0.02421875
21 0.11640625 0.45390625 0.01640625 0.02421875
21 0.46640625 0.8328125 0.01640625 0.02421875
13 0.03203125 0.3890625 0.02578125 0.015625
13 0.2625 0.053125 0.0140625 0.028125
13 0.68984375 0.1890625 0.0140625 0.0265625
36 0.65703125 0.43125 0.00859375 0.13984375
36 0.86484375 0.43125 0.01015625 0.13984375
20 0.553125 0.63046875 0.01171875 0.0140625
20 0.58046875 0.2328125 0.0125 0.0125
20 0.2859375 0.096875 0.0125 0.0125
20 0.159375 0.38046875 0.0140625 0.0125
20 0.1609375 0.40234375 0.0140625 0.0125
20 0.36328125 0.38046875 0.0140625 0.0125
20 0.3796875 0.41328125 0.01171875 0.0125
20 0.359375 0.60078125 0.0140625 0.0140625
20 0.41640625 0.75859375 0.015625 0.0125
31 0.37890625 0.6296875 0.0125 0.015625
10 0.07265625 0.84375 0.0125 0.03046875
10 0.325 0.8953125 0.02890625 0.01171875
15 0.39921875 0.75859375 0.01640625 0.0125
0 0.384375 0.75859375 0.0125 0.0140625
37 0.35703125 0.6796875 0.01875 0.02890625
10 0.103125 0.54609375 0.03046875 0.0140625
10 0.22734375 0.52890625 0.03203125 0.01171875
10 0.296875 0.38125 0.02890625 0.01171875
10 0.51875 0.26171875 0.0125 0.0328125
10 0.68671875 0.23203125 0.03046875 0.0140625
10 0.21171875 0.2 0.03203125 0.0140625
10 0.26328125 0.0609375 0.028125 0.0125
37 0.24765625 0.0984375 0.0265625 0.01875
37 0.0765625 0.11328125 0.01796875 0.03046875
10 0.0734375 0.27265625 0.01171875 0.02890625
10 0.51875 0.4578125 0.0125 0.0328125
24 0.7625 0.66640625 0.01640625 0.0125
17 0.0734375 0.15078125 0.015625 0.02421875
18 0.07421875 0.16875 0.0140625 0.01875
24 0.07421875 0.24765625 0.0140625 0.01875
29 0.07578125 0.2140625 0.01640625 0.01796875
6 0.178125 0.1375 0.01796875 0.01796875
6 0.15234375 0.4484375 0.01640625 0.01875
28 0.21640625 0.97109375 0.07109375 0.0078125
28 0.378125 0.67890625 0.00625 0.05234375
16 0.04296875 0.84765625 0.00625 0.0328125
7 0.07421875 0.8796875 0.0140625 0.021875
2 0.07421875 0.85859375 0.01640625 0.03046875
28 0.159375 0.54453125 0.04296875 0.0078125
28 0.3375 0.49453125 0.02890625 0.0078125
27 0.34765625 0.3796875 0.0140625 0.0140625
7 0.3171875 0.3796875 0.01875 0.01640625
28 0.121875 0.39921875 0.04296875 0.00859375
5 0.28828125 0.47109375 0.01171875 0.0125
27 0.38046875 0.50625 0.0125 0.015625
23 0.4140625 0.54296875 0.01875 0.0203125
33 0.51796875 0.48125 0.015625 0.015625
2 0.5171875 0.50390625 0.01640625 0.03046875
38 0.52265625 0.41953125 0.0078125 0.034375
39 0.16171875 0.109375 0.0078125 0.0078125
25 0.16640625 0.0515625 0.0203125 0.021875
12 0.54921875 0.70546875 0.00625 0.034375