22 0.7375 0.5765625 0.0375 0.02734375
22 0.36328125 0.5453125 0.03359375 0.0296875
22 0.3640625 0.2421875 0.0359375 0.0296875
21 0.36328125 0.86015625 0.0234375 0.0328125
21 0.3640625 0.74375 0.02890625 0.03515625
20 0.5953125 0.5984375 0.0203125 0.02265625
20 0.3703125 0.6875 0.02109375 0.0171875
20 0.6234375 0.71015625 0.0203125 0.0203125
31 0.6265625 0.7125 0.0203125 0.0203125
10 0.19375 0.4890625 0.0203125 0.0453125
10 0.1921875 0.3125 0.0203125 0.03984375
10 0.53359375 0.2390625 0.0203125 0.0421875
10 0.59375 0.4171875 0.0203125 0.04140625
10 0.4921875 0.6890625 0.0515625 0.0203125
30 0.25078125 0.890625 0.0234375 0.0265625
32 0.534375 0.27109375 0.0265625 0.0203125
2 0.53125 0.2953125 0.02265625 0.02890625
23 0.7890625 0.64140625 0.03359375 0.02734375
23 0.45625 0.51484375 0.0328125 0.025
5 0.434375 0.8453125 0.01875 0.0171875
28 0.8515625 0.665625 0.0125 0.06640625
28 0.28125 0.69140625 0.0796875 0.0125
28 0.36328125 0.096875 0.09375 0.0109375
14 0.29453125 0.7421875 0.12109375 0.0875