22 0.73671875 0.41328125 0.03828125 0.028125
22 0.35390625 0.4453125 0.034375 0.03046875
22 0.3546875 0.7546875 0.03671875 0.03046875
21 0.35390625 0.12265625 0.02421875 0.03359375
21 0.3546875 0.24140625 0.0296875 0.0359375
20 0.590625 0.38984375 0.0203125 0.02265625
20 0.3609375 0.29921875 0.021875 0.01796875
20 0.6203125 0.2765625 0.0203125 0.0203125
31 0.62265625 0.2734375 0.0203125 0.0203125
10 0.18046875 0.50234375 0.0203125 0.04609375
10 0.17890625 0.6828125 0.0203125 0.040625
10 0.528125 0.75859375 0.0203125 0.04375
10 0.58984375 0.57578125 0.0203125 0.0421875
10 0.48515625 0.29765625 0.05234375 0.0203125
30 0.23828125 0.09140625 0.02421875 0.0265625
32 0.52890625 0.725 0.0265625 0.0203125
2 0.52578125 0.7 0.02265625 0.0296875
23 0.78984375 0.346875 0.034375 0.028125
23 0.44921875 0.47578125 0.03359375 0.02578125
5 0.4265625 0.13828125 0.01953125 0.01796875
28 0.853125 0.321875 0.0125 0.06796875
28 0.26953125 0.2953125 0.08203125 0.0125
28 0.35390625 0.903125 0.09609375 0.01171875
14 0.28359375 0.24296875 0.12421875 0.08984375