22 0.259375 0.42421875 0.0375 0.02734375
22 0.63671875 0.45625 0.034375 0.03046875
22 0.63515625 0.7609375 0.03671875 0.03046875
21 0.63671875 0.13828125 0.02421875 0.0328125
21 0.63515625 0.25546875 0.02890625 0.03515625
20 0.403125 0.4015625 0.0203125 0.02265625
20 0.62890625 0.3125 0.02109375 0.01796875
20 0.37421875 0.28984375 0.0203125 0.0203125
31 0.371875 0.2875 0.0203125 0.0203125
10 0.80703125 0.5125 0.0203125 0.0453125
10 0.80859375 0.68984375 0.0203125 0.040625
10 0.46484375 0.76484375 0.0203125 0.04296875
10 0.40390625 0.58515625 0.0203125 0.04140625
10 0.50703125 0.3109375 0.0515625 0.0203125
30 0.75 0.1078125 0.02421875 0.0265625
32 0.4640625 0.73203125 0.0265625 0.0203125
2 0.4671875 0.70703125 0.02265625 0.02890625
23 0.20703125 0.35859375 0.034375 0.02734375
23 0.54296875 0.4859375 0.0328125 0.025
5 0.56484375 0.15390625 0.01875 0.01796875
28 0.14453125 0.334375 0.0125 0.06640625
28 0.71953125 0.30859375 0.08046875 0.0125
28 0.63671875 0.9078125 0.09453125 0.01171875
14 0.70625 0.25703125 0.121875 0.08828125