22 0.28828125 0.2875 0.0359375 0.02578125
22 0.5609375 0.4921875 0.034375 0.02578125
22 0.76796875 0.2875 0.0359375 0.02578125
22 0.26875 0.78515625 0.034375 0.02578125
22 0.734375 0.80546875 0.034375 0.02578125
21 0.9203125 0.49296875 0.025 0.02734375
30 0.928125 0.46484375 0.02578125 0.02890625
21 0.80859375 0.4921875 0.02578125 0.02890625
21 0.809375 0.5921875 0.02734375 0.02734375
21 0.9203125 0.59296875 0.02734375 0.02578125
21 0.23203125 0.49765625 0.025 0.02890625
21 0.1140625 0.49765625 0.025 0.02890625
21 0.17265625 0.5875 0.02578125 0.02890625
30 0.08125 0.46484375 0.025 0.02890625
10 0.48515625 0.78046875 0.0140625 0.03046875
10 0.50859375 0.8125 0.01484375 0.02578125
10 0.96015625 0.71875 0.0140625 0.02890625
10 0.93359375 0.16171875 0.01484375 0.03125
10 0.93359375 0.33828125 0.01484375 0.0328125
10 0.5234375 0.2046875 0.0140625 0.03046875
10 0.4984375 0.19609375 0.01640625 0.03046875
10 0.31171875 0.43515625 0.03828125 0.0140625
10 0.959375 0.89453125 0.01484375 0.03125
10 0.05078125 0.69921875 0.0140625 0.03046875
10 0.05 0.87578125 0.0125 0.02890625
31 0.74453125 0.57734375 0.0140625 0.01484375
37 0.08125 0.3578125 0.021875 0.02578125
37 0.08203125 0.18125 0.0234375 0.02734375
28 0.2578125 0.92890625 0.10859375 0.0125
2 0.51328125 0.78125 0.0234375 0.034375
20 0.37578125 0.6453125 0.01796875 0.01640625
5 0.13125 0.57265625 0.01796875 0.0140625
27 0.37578125 0.503125 0.0203125 0.01796875
14 0.30390625 0.496875 0.10703125 0.09609375
23 0.47109375 0.48984375 0.03046875 0.0234375
20 0.371875 0.43359375 0.01640625 0.01484375
20 0.12265625 0.43359375 0.0203125 0.01484375
23 0.41171875 0.278125 0.03125 0.0234375
7 0.4953125 0.1765625 0.0203125 0.0234375
2 0.4953125 0.16484375 0.0203125 0.03046875
28 0.27265625 0.140625 0.11953125 0.009375
28 0.55703125 0.4546875 0.0484375 0.00859375
20 0.50546875 0.4578125 0.01953125 0.01484375
20 0.7359375 0.43359375 0.01953125 0.01484375
20 0.74140625 0.54296875 0.0203125 0.01640625
20 0.74140625 0.66328125 0.0203125 0.01640625
28 0.7515625 0.92890625 0.09609375 0.009375
14 0.8640625 0.640625 0.21171875 0.06171875
28 0.73515625 0.140625 0.09609375 0.009375
5 0.8921875 0.56171875 0.01796875 0.0140625