22 0.33359375 0.73359375 0.03515625 0.02578125
22 0.6 0.534375 0.03359375 0.02578125
22 0.8015625 0.73359375 0.03515625 0.02578125
22 0.3140625 0.2484375 0.03359375 0.02578125
22 0.76875 0.22890625 0.03359375 0.02578125
21 0.95078125 0.53359375 0.02421875 0.0265625
30 0.9578125 0.5609375 0.02578125 0.028125
21 0.84140625 0.534375 0.02578125 0.028125
21 0.8421875 0.43671875 0.0265625 0.0265625
21 0.95078125 0.4359375 0.0265625 0.02578125
21 0.27890625 0.52890625 0.02421875 0.028125
21 0.16328125 0.52890625 0.02421875 0.028125
21 0.2203125 0.44140625 0.02578125 0.028125
30 0.13125 0.5609375 0.02421875 0.028125
10 0.52578125 0.253125 0.01328125 0.0296875
10 0.54921875 0.221875 0.01484375 0.02578125
10 0.9890625 0.31328125 0.01328125 0.028125
10 0.96328125 0.85703125 0.01484375 0.03046875
10 0.96328125 0.68515625 0.01484375 0.03203125
10 0.56328125 0.81484375 0.01328125 0.0296875
10 0.5390625 0.8234375 0.01640625 0.0296875
10 0.35625 0.58984375 0.0375 0.01328125
10 0.98828125 0.14140625 0.01484375 0.03046875
10 0.1015625 0.3328125 0.01328125 0.0296875
10 0.1015625 0.16015625 0.01171875 0.028125
31 0.77890625 0.45078125 0.01328125 0.01484375
37 0.13125 0.665625 0.02109375 0.02578125
37 0.13203125 0.8375 0.02265625 0.0265625
28 0.30390625 0.1078125 0.10625 0.01171875
2 0.553125 0.25234375 0.02265625 0.03359375
20 0.41875 0.384375 0.0171875 0.01640625
5 0.18046875 0.45546875 0.0171875 0.01328125
27 0.41875 0.5234375 0.0203125 0.0171875
14 0.3484375 0.5296875 0.1046875 0.09375
23 0.51171875 0.53671875 0.0296875 0.02265625
20 0.415625 0.5921875 0.01640625 0.01484375
20 0.171875 0.5921875 0.0203125 0.01484375
23 0.45390625 0.74296875 0.03046875 0.02265625
7 0.53515625 0.8421875 0.0203125 0.02265625
2 0.53515625 0.85390625 0.0203125 0.0296875
28 0.31875 0.87734375 0.11640625 0.009375
28 0.59609375 0.57109375 0.046875 0.0078125
20 0.5453125 0.56796875 0.01875 0.01484375
20 0.77109375 0.5921875 0.01875 0.01484375
20 0.77578125 0.48515625 0.0203125 0.01640625
20 0.77578125 0.3671875 0.0203125 0.01640625
28 0.78515625 0.1078125 0.09375 0.009375
14 0.8953125 0.3890625 0.20625 0.06015625
28 0.76953125 0.87734375 0.09375 0.009375
5 0.92265625 0.46640625 0.0171875 0.01328125