22 0.75546875 0.71171875 0.03515625 0.02421875
22 0.76171875 0.3265625 0.03359375 0.02578125
22 0.353125 0.4296875 0.03515625 0.02421875
22 0.47421875 0.17421875 0.03515625 0.02578125
22 0.20546875 0.17421875 0.03359375 0.02578125
21 0.19296875 0.821875 0.02734375 0.0296875
21 0.3484375 0.82109375 0.02578125 0.02890625
21 0.3484375 0.7109375 0.02578125 0.02734375
21 0.34765625 0.5984375 0.02734375 0.02890625
21 0.19453125 0.5984375 0.02734375 0.02890625
21 0.10234375 0.49609375 0.02578125 0.02734375
21 0.22109375 0.49609375 0.02578125 0.02734375
21 0.16171875 0.35 0.02734375 0.02890625
17 0.09296875 0.81875 0.0234375 0.0234375
18 0.09375 0.8046875 0.021875 0.01875
24 0.0359375 0.83203125 0.01796875 0.01796875
37 0.13671875 0.85 0.03671875 0.01796875
37 0.09140625 0.84296875 0.0234375 0.02578125
29 0.10703125 0.7390625 0.02578125 0.021875
26 0.0921875 0.6828125 0.021875 0.0203125
12 0.04140625 0.60703125 0.009375 0.0390625
25 0.3078125 0.9 0.03359375 0.02578125
6 0.27578125 0.771875 0.02734375 0.021875
37 0.4765625 0.85 0.03828125 0.01796875
39 0.3296875 0.8359375 0.01484375 0.009375
21 0.19375 0.71015625 0.02578125 0.02890625
21 0.50234375 0.821875 0.02734375 0.02734375
21 0.50234375 0.709375 0.02734375 0.0296875
21 0.503125 0.59765625 0.02578125 0.02734375
21 0.52109375 0.0390625 0.02578125 0.02890625
20 0.453125 0.10390625 0.0203125 0.01484375
0 0.41953125 0.10234375 0.01484375 0.0125
15 0.40703125 0.10234375 0.02890625 0.01484375
28 0.809375 0.040625 0.12109375 0.0109375
10 0.97890625 0.1171875 0.01484375 0.03125
10 0.54453125 0.25234375 0.01484375 0.0296875
10 0.56015625 0.215625 0.040625 0.0125
31 0.6171875 0.18984375 0.0203125 0.01875
23 0.35234375 0.27578125 0.03125 0.02421875
27 0.29375 0.41484375 0.021875 0.01796875
27 0.43671875 0.57421875 0.0234375 0.01484375
20 0.40625 0.54921875 0.01875 0.01640625
20 0.425 0.5734375 0.01875 0.01328125
10 0.1640625 0.409375 0.040625 0.0125
10 0.0625 0.27890625 0.01640625 0.02890625
20 0.259375 0.29296875 0.021875 0.01484375
28 0.1328125 0.3109375 0.04921875 0.0078125
28 0.165625 0.2953125 0.10625 0.009375
28 0.2671875 0.50859375 0.01484375 0.03671875
6 0.140625 0.521875 0.02890625 0.021875
13 0.00859375 0.5609375 0.0171875 0.01875
5 0.11171875 0.353125 0.01796875 0.01328125
10 0.06171875 0.11796875 0.01484375 0.0296875
16 0.01484375 0.1078125 0.0109375 0.0390625
10 0.9796875 0.33671875 0.01328125 0.02734375
7 0.975 0.3203125 0.0234375 0.0234375
2 0.975 0.3671875 0.0234375 0.0328125
28 0.98203125 0.47109375 0.0125 0.0515625
10 0.89921875 0.5515625 0.03828125 0.0109375
10 0.59453125 0.571875 0.0390625 0.0109375
10 0.54453125 0.4265625 0.01484375 0.02734375
37 0.54921875 0.51953125 0.02421875 0.02578125
10 0.51796875 0.5203125 0.01328125 0.02421875
2 0.5125 0.5078125 0.021875 0.03125
33 0.51328125 0.5421875 0.0234375 0.01640625
33 0.5484375 0.5421875 0.0203125 0.01640625
38 0.5203125 0.46875 0.0078125 0.03828125
10 0.9515625 0.71640625 0.01796875 0.02890625
10 0.95234375 0.96328125 0.01640625 0.02734375
7 0.95 0.946875 0.021875 0.02421875
2 0.94921875 0.93359375 0.0234375 0.0296875
10 0.5796875 0.97734375 0.03671875 0.0125
20 0.584375 0.97578125 0.01875 0.01328125
8 0.10390625 0.553125 0.04453125 0.0109375
20 0.140625 0.55 0.0203125 0.01640625