22 0.2703125 0.675 0.03359375 0.0234375
22 0.2640625 0.3046875 0.0328125 0.025
22 0.65703125 0.403125 0.03359375 0.0234375
22 0.540625 0.15859375 0.03359375 0.025
22 0.7984375 0.15859375 0.0328125 0.025
21 0.8109375 0.78046875 0.02578125 0.02890625
21 0.6609375 0.7796875 0.025 0.02734375
21 0.6609375 0.6734375 0.025 0.02578125
21 0.66171875 0.565625 0.02578125 0.02734375
21 0.809375 0.565625 0.02578125 0.02734375
21 0.89765625 0.4671875 0.025 0.02578125
21 0.78359375 0.4671875 0.025 0.02578125
21 0.840625 0.32734375 0.02578125 0.02734375
17 0.90703125 0.77734375 0.021875 0.021875
18 0.90625 0.7640625 0.02109375 0.01796875
24 0.96171875 0.790625 0.0171875 0.0171875
37 0.86484375 0.8078125 0.03515625 0.0171875
37 0.9078125 0.80078125 0.021875 0.025
29 0.89375 0.70078125 0.025 0.02109375
26 0.90703125 0.646875 0.02109375 0.01953125
12 0.95625 0.5734375 0.009375 0.0375
25 0.70078125 0.85546875 0.0328125 0.025
6 0.73125 0.73203125 0.02578125 0.02109375
37 0.5375 0.8078125 0.03671875 0.0171875
39 0.6796875 0.79453125 0.0140625 0.009375
21 0.81015625 0.67265625 0.025 0.02734375
21 0.51328125 0.78046875 0.02578125 0.02578125
21 0.51328125 0.67265625 0.02578125 0.02890625
21 0.5125 0.565625 0.025 0.02578125
21 0.4953125 0.028125 0.025 0.02734375
20 0.5609375 0.090625 0.01953125 0.0140625
0 0.59296875 0.0890625 0.0140625 0.01171875
15 0.60546875 0.0890625 0.02734375 0.0140625
28 0.21875 0.0296875 0.11640625 0.01015625
10 0.05546875 0.10390625 0.0140625 0.0296875
10 0.4734375 0.23359375 0.0140625 0.02890625
10 0.45859375 0.19765625 0.0390625 0.01171875
31 0.403125 0.1734375 0.01953125 0.01796875
23 0.65703125 0.25625 0.0296875 0.0234375
27 0.7140625 0.38984375 0.02109375 0.0171875
27 0.5765625 0.5421875 0.021875 0.0140625
20 0.60546875 0.51796875 0.01796875 0.015625
20 0.5875 0.54140625 0.01796875 0.01328125
10 0.83828125 0.384375 0.0390625 0.01171875
10 0.9359375 0.259375 0.015625 0.02734375
20 0.746875 0.271875 0.02109375 0.0140625
28 0.86796875 0.28984375 0.046875 0.0078125
28 0.83671875 0.275 0.1015625 0.009375
28 0.73984375 0.4796875 0.0140625 0.03515625
6 0.8609375 0.4921875 0.02734375 0.02109375
13 0.98984375 0.5296875 0.0203125 0.01875
5 0.88828125 0.33046875 0.0171875 0.01328125
10 0.93671875 0.1046875 0.0140625 0.02890625
16 0.98203125 0.09453125 0.01015625 0.0375
10 0.0546875 0.31484375 0.01328125 0.02578125
7 0.059375 0.2984375 0.021875 0.021875
2 0.059375 0.34296875 0.021875 0.03125
28 0.053125 0.44375 0.01171875 0.04921875
10 0.13203125 0.52109375 0.03671875 0.01015625
10 0.425 0.540625 0.0375 0.01015625
10 0.4734375 0.40078125 0.0140625 0.02578125
37 0.46875 0.48984375 0.0234375 0.025
10 0.4984375 0.490625 0.01328125 0.0234375
2 0.50390625 0.478125 0.02109375 0.0296875
33 0.503125 0.51171875 0.021875 0.015625
33 0.46953125 0.51171875 0.01953125 0.015625
38 0.49609375 0.44140625 0.0078125 0.03671875
10 0.08125 0.6796875 0.0171875 0.02734375
10 0.08125 0.91640625 0.015625 0.02578125
7 0.08359375 0.90078125 0.02109375 0.0234375
2 0.084375 0.8875 0.021875 0.02890625
10 0.45625 0.9671875 0.03515625 0.01015625
10 0.4390625 0.93046875 0.03515625 0.01171875
20 0.434375 0.928125 0.01796875 0.01328125
13 0.45625 0.9765625 0.021875 0.03125
8 0.89609375 0.521875 0.04296875 0.01015625
20 0.8609375 0.51953125 0.01953125 0.015625