22 0.32890625 0.7171875 0.0375 0.0234375
22 0.7578125 0.7171875 0.0375 0.0234375
22 0.49609375 0.49453125 0.03671875 0.0234375
22 0.31796875 0.25 0.03671875 0.025
37 0.1 0.3015625 0.03125 0.03515625
37 0.10078125 0.12421875 0.0296875 0.0328125
33 0.09609375 0.146875 0.0234375 0.01796875
28 0.3609375 0.103125 0.1328125 0.009375
7 0.621875 0.1828125 0.02890625 0.025
10 0.628125 0.15390625 0.0171875 0.0296875
2 0.621875 0.2046875 0.02890625 0.03515625
21 0.82890625 0.35546875 0.02734375 0.02734375
21 0.8296875 0.28828125 0.02890625 0.02890625
21 0.6375 0.2890625 0.02890625 0.02734375
5 0.734375 0.29140625 0.01953125 0.01171875
14 0.6375 0.3578125 0.1609375 0.084375
20 0.5375 0.32734375 0.02109375 0.015625
20 0.4015625 0.39140625 0.02109375 0.0140625
27 0.4078125 0.421875 0.0234375 0.015625
30 0.74609375 0.38671875 0.04296875 0.0234375
28 0.7296875 0.45234375 0.01015625 0.025
28 0.67109375 0.509375 0.08203125 0.009375
10 0.7828125 0.5953125 0.04296875 0.01171875
20 0.728125 0.59765625 0.021875 0.015625
20 0.584375 0.5765625 0.0234375 0.015625
10 0.56328125 0.7171875 0.015625 0.02890625
10 0.6171875 0.83671875 0.04296875 0.01171875
10 0.92421875 0.79921875 0.0140625 0.025
2 0.91796875 0.828125 0.02578125 0.0296875
28 0.80546875 0.83828125 0.07890625 0.009375
20 0.4015625 0.5984375 0.0234375 0.0140625
20 0.40703125 0.52109375 0.021875 0.0140625
23 0.56484375 0.540625 0.03359375 0.01953125
31 0.403125 0.56953125 0.0171875 0.0140625
21 0.234375 0.5375 0.0296875 0.02578125
21 0.31015625 0.44765625 0.02890625 0.02734375
21 0.159375 0.4484375 0.02890625 0.02578125
30 0.10546875 0.42109375 0.040625 0.01796875
5 0.234375 0.45078125 0.01953125 0.01328125
14 0.2484375 0.55546875 0.278125 0.05859375
10 0.0921875 0.7984375 0.015625 0.02734375
10 0.09296875 0.63359375 0.0171875 0.03125
28 0.3578125 0.83828125 0.07890625 0.009375