22 0.3125 0.2609375 0.0390625 0.02421875
22 0.75859375 0.2609375 0.0390625 0.02421875
22 0.48671875 0.4921875 0.0375 0.02421875
22 0.3015625 0.746875 0.0375 0.02578125
37 0.07421875 0.6921875 0.0328125 0.03671875
37 0.075 0.87734375 0.03125 0.03359375
33 0.0703125 0.85390625 0.02421875 0.01875
28 0.34609375 0.89921875 0.1375 0.009375
7 0.6171875 0.8171875 0.0296875 0.02578125
10 0.6234375 0.846875 0.0171875 0.03125
2 0.6171875 0.79375 0.0296875 0.03671875
21 0.8328125 0.6375 0.028125 0.028125
21 0.83359375 0.70703125 0.0296875 0.0296875
21 0.63359375 0.70625 0.0296875 0.028125
5 0.734375 0.703125 0.0203125 0.0125
14 0.63359375 0.634375 0.1671875 0.0875
20 0.5296875 0.66640625 0.021875 0.01640625
20 0.3875 0.59921875 0.021875 0.01484375
27 0.39453125 0.5671875 0.02421875 0.01640625
30 0.746875 0.60390625 0.04453125 0.02421875
28 0.7296875 0.5359375 0.0109375 0.02578125
28 0.66796875 0.4765625 0.08515625 0.009375
10 0.784375 0.3875 0.04453125 0.0125
20 0.72734375 0.38515625 0.02265625 0.01640625
20 0.578125 0.40703125 0.02421875 0.01640625
10 0.55703125 0.2609375 0.01640625 0.0296875
10 0.6125 0.1359375 0.04453125 0.0125
10 0.93203125 0.175 0.01484375 0.02578125
2 0.92578125 0.1453125 0.02734375 0.03125
28 0.80859375 0.134375 0.0828125 0.009375
20 0.3875 0.384375 0.02421875 0.01484375
20 0.39375 0.4640625 0.02265625 0.01484375
23 0.5578125 0.44375 0.03515625 0.0203125
31 0.38984375 0.4140625 0.0171875 0.01484375
21 0.2140625 0.44765625 0.03125 0.02734375
21 0.29296875 0.54140625 0.0296875 0.028125
21 0.13671875 0.540625 0.0296875 0.02734375
30 0.08046875 0.56875 0.0421875 0.01875
5 0.2140625 0.5375 0.0203125 0.01328125
14 0.228125 0.42890625 0.2890625 0.0609375
10 0.06640625 0.1765625 0.01640625 0.028125
10 0.0671875 0.34765625 0.0171875 0.0328125
28 0.3421875 0.134375 0.0828125 0.009375