22 0.3640625 0.4953125 0.0328125 0.02265625
22 0.31015625 0.6953125 0.0328125 0.02265625
22 0.6921875 0.72578125 0.034375 0.02265625
21 0.79140625 0.25390625 0.0265625 0.02421875
21 0.5921875 0.25390625 0.02734375 0.02421875
21 0.425 0.1578125 0.0265625 0.02421875
21 0.28515625 0.1578125 0.0265625 0.0265625
21 0.4234375 0.3125 0.0265625 0.025
21 0.28515625 0.31171875 0.0265625 0.02421875
21 0.3109375 0.41953125 0.025 0.025
21 0.79140625 0.36015625 0.0265625 0.025
21 0.79140625 0.48203125 0.0265625 0.025
21 0.59375 0.3609375 0.0265625 0.02421875
21 0.59453125 0.4859375 0.025 0.025
20 0.5625 0.0984375 0.01875 0.0125
10 0.5421875 0.0625 0.03671875 0.00859375
13 0.54140625 0.053125 0.02265625 0.025
37 0.52421875 0.10078125 0.046875 0.0203125
25 0.3828125 0.05703125 0.0328125 0.0203125
24 0.1421875 0.14453125 0.01796875 0.01796875
37 0.20078125 0.1578125 0.02890625 0.03046875
18 0.19921875 0.17890625 0.025 0.0203125
17 0.2625 0.1 0.04375 0.01640625
6 0.35 0.153125 0.02734375 0.01875
39 0.42265625 0.1109375 0.0140625 0.01015625
29 0.20078125 0.22890625 0.02421875 0.0203125
10 0.19375 0.33984375 0.01484375 0.025
26 0.1984375 0.35859375 0.02421875 0.02109375
20 0.4578125 0.45390625 0.01875 0.0140625
20 0.4203125 0.46640625 0.02109375 0.0140625
28 0.43046875 0.43203125 0.01015625 0.02265625
10 0.45546875 0.396875 0.01640625 0.025
7 0.459375 0.37265625 0.02265625 0.0203125
2 0.46015625 0.35234375 0.02421875 0.03125
33 0.27109375 0.46875 0.025 0.01796875
10 0.23671875 0.46484375 0.0375 0.01015625
2 0.2140625 0.46796875 0.04765625 0.01640625
5 0.24453125 0.4234375 0.01796875 0.0125
27 0.425 0.5453125 0.02109375 0.01484375
23 0.384375 0.58671875 0.03046875 0.0203125
20 0.4578125 0.64609375 0.01875 0.01484375
33 0.46015625 0.6625 0.02421875 0.01796875
10 0.45625 0.68515625 0.01484375 0.025
31 0.42890625 0.69296875 0.0140625 0.0125
28 0.4296875 0.72890625 0.0125 0.0453125
20 0.4171875 0.76015625 0.01640625 0.0140625
20 0.3828125 0.7609375 0.01796875 0.0125
13 0.3796875 0.8046875 0.02109375 0.02734375
16 0.4078125 0.840625 0.01015625 0.034375
37 0.51484375 0.8953125 0.04765625 0.0203125
0 0.48203125 0.9 0.01484375 0.01171875
12 0.14765625 0.74375 0.01015625 0.034375
28 0.69296875 0.534375 0.115625 0.0078125
28 0.59296875 0.55 0.09296875 0.00625
10 0.86171875 0.5328125 0.03671875 0.01015625
10 0.896875 0.55078125 0.0375 0.00859375
10 0.93046875 0.70859375 0.01484375 0.02421875
2 0.92578125 0.73828125 0.02265625 0.03125
7 0.9265625 0.75859375 0.02421875 0.02109375
10 0.89765625 0.90078125 0.03671875 0.01015625
28 0.6921875 0.95625 0.13984375 0.0078125
28 0.93203125 0.14609375 0.0125 0.078125