22 0.38125 0.46796875 0.03671875 0.025
22 0.32109375 0.690625 0.03671875 0.025
22 0.74609375 0.72421875 0.0375 0.025
21 0.85625 0.19921875 0.0296875 0.0265625
21 0.634375 0.19921875 0.03046875 0.0265625
21 0.44921875 0.09296875 0.0296875 0.0265625
21 0.29375 0.09296875 0.0296875 0.0296875
21 0.44765625 0.26484375 0.0296875 0.028125
21 0.29375 0.2640625 0.0296875 0.0265625
21 0.321875 0.38359375 0.028125 0.028125
21 0.85625 0.31796875 0.0296875 0.028125
21 0.85625 0.45390625 0.0296875 0.028125
21 0.63671875 0.31875 0.0296875 0.0265625
21 0.6375 0.4578125 0.028125 0.028125
20 0.6015625 0.0265625 0.02109375 0.0140625
37 0.559375 0.0296875 0.0515625 0.02265625
24 0.134375 0.078125 0.01953125 0.01953125
37 0.19921875 0.0921875 0.03203125 0.03359375
18 0.19765625 0.11640625 0.028125 0.02265625
17 0.26796875 0.02890625 0.04921875 0.01796875
6 0.365625 0.0875 0.03046875 0.02109375
39 0.44609375 0.040625 0.015625 0.0109375
29 0.19921875 0.17265625 0.0265625 0.02265625
10 0.1921875 0.2953125 0.0171875 0.028125
26 0.196875 0.315625 0.0265625 0.0234375
20 0.48515625 0.42265625 0.02109375 0.015625
20 0.44296875 0.4359375 0.0234375 0.015625
28 0.45546875 0.39765625 0.0109375 0.025
10 0.4828125 0.35859375 0.01796875 0.028125
7 0.4875 0.33203125 0.025 0.02265625
2 0.48828125 0.30859375 0.0265625 0.03515625
33 0.27734375 0.43828125 0.028125 0.01953125
10 0.23984375 0.434375 0.0421875 0.0109375
2 0.2140625 0.4375 0.053125 0.01796875
5 0.24765625 0.38828125 0.01953125 0.0140625
27 0.44921875 0.5234375 0.0234375 0.0171875
23 0.403125 0.5703125 0.03359375 0.02265625
20 0.48515625 0.6359375 0.02109375 0.0171875
33 0.48828125 0.65390625 0.0265625 0.01953125
10 0.4828125 0.67890625 0.0171875 0.028125
31 0.453125 0.6875 0.015625 0.0140625
28 0.45390625 0.728125 0.0140625 0.05078125
20 0.440625 0.7625 0.01796875 0.015625
20 0.40234375 0.76328125 0.01953125 0.0140625
13 0.3984375 0.8125 0.0234375 0.03046875
16 0.4296875 0.85234375 0.0109375 0.0375
37 0.54921875 0.91328125 0.053125 0.02265625
0 0.5125 0.91796875 0.0171875 0.0125
12 0.13984375 0.74453125 0.0109375 0.0375
28 0.746875 0.5109375 0.12890625 0.00859375
28 0.6359375 0.52890625 0.10390625 0.00703125
10 0.93515625 0.51015625 0.040625 0.0109375
10 0.9734375 0.53046875 0.0421875 0.01015625
2 0.996875 0.73828125 0.00625 0.0359375
7 0.996875 0.76015625 0.00625 0.0234375
10 0.97421875 0.91875 0.040625 0.0109375
28 0.74609375 0.98046875 0.15546875 0.00859375