22 0.33359375 0.7046875 0.03671875 0.025
22 0.76171875 0.7046875 0.040625 0.025
22 0.5 0.4875 0.03828125 0.02265625
22 0.32265625 0.2484375 0.03828125 0.02421875
21 0.834375 0.3515625 0.03046875 0.025
21 0.83359375 0.28671875 0.02890625 0.02421875
21 0.6421875 0.28671875 0.02890625 0.0265625
20 0.5421875 0.32421875 0.021875 0.01796875
20 0.4046875 0.3859375 0.02265625 0.01484375
20 0.41171875 0.5140625 0.021875 0.01484375
20 0.40703125 0.58828125 0.021875 0.01640625
20 0.58828125 0.56640625 0.02265625 0.0140625
20 0.73125 0.58828125 0.021875 0.0140625
10 0.78671875 0.5859375 0.04453125 0.01015625
28 0.675 0.50234375 0.0796875 0.0078125
28 0.73515625 0.4453125 0.0125 0.025
14 0.64296875 0.36171875 0.16171875 0.0671875
30 0.7515625 0.38125 0.040625 0.02265625
5 0.73828125 0.2890625 0.0203125 0.0140625
7 0.62890625 0.17421875 0.028125 0.02421875
10 0.63515625 0.15390625 0.01640625 0.0265625
2 0.628125 0.18359375 0.0265625 0.0328125
28 0.36484375 0.10625 0.1328125 0.01015625
33 0.1046875 0.125 0.028125 0.01640625
37 0.10703125 0.1484375 0.03203125 0.03203125
37 0.10546875 0.29921875 0.03203125 0.03203125
30 0.11171875 0.41484375 0.0390625 0.0203125
21 0.16484375 0.4421875 0.02890625 0.0265625
21 0.240625 0.52890625 0.03046875 0.025
21 0.31484375 0.44140625 0.028125 0.025
27 0.4125 0.4171875 0.025 0.01640625
5 0.240625 0.44453125 0.0203125 0.0125
14 0.25234375 0.5484375 0.275 0.05859375
31 0.409375 0.56015625 0.01640625 0.0140625
10 0.56875 0.7046875 0.01640625 0.02890625
10 0.621875 0.82265625 0.04140625 0.0125
28 0.8109375 0.82421875 0.0796875 0.0078125
2 0.921875 0.79921875 0.0265625 0.034375
10 0.92734375 0.78515625 0.01640625 0.028125
28 0.36328125 0.8234375 0.078125 0.00859375
10 0.0984375 0.78515625 0.01484375 0.025
10 0.0984375 0.62578125 0.01640625 0.0265625
23 0.56953125 0.53203125 0.03515625 0.02265625