22 0.3171875 0.2828125 0.0390625 0.0265625
22 0.77109375 0.2828125 0.04296875 0.0265625
22 0.49296875 0.51328125 0.03984375 0.02421875
22 0.30546875 0.76640625 0.03984375 0.02578125
21 0.846875 0.65703125 0.03203125 0.0265625
21 0.846875 0.72578125 0.03046875 0.02578125
21 0.64375 0.72578125 0.03046875 0.028125
20 0.53828125 0.6859375 0.02265625 0.01875
20 0.39296875 0.6203125 0.02421875 0.01640625
20 0.4 0.48515625 0.02265625 0.01640625
20 0.39453125 0.40703125 0.02265625 0.0171875
20 0.5875 0.4296875 0.02421875 0.01484375
20 0.73828125 0.40703125 0.02265625 0.01484375
10 0.796875 0.40859375 0.046875 0.0109375
28 0.67890625 0.49765625 0.084375 0.0078125
28 0.74296875 0.5578125 0.01328125 0.0265625
14 0.64453125 0.646875 0.171875 0.07109375
30 0.76015625 0.62578125 0.04296875 0.02421875
5 0.7453125 0.7234375 0.02109375 0.01484375
7 0.6296875 0.8453125 0.0296875 0.02578125
10 0.6359375 0.86640625 0.0171875 0.028125
2 0.6296875 0.83515625 0.028125 0.03515625
28 0.35078125 0.9171875 0.140625 0.0109375
33 0.075 0.89765625 0.0296875 0.0171875
37 0.07734375 0.871875 0.03359375 0.03359375
37 0.07578125 0.7125 0.03359375 0.03359375
30 0.0828125 0.58984375 0.04140625 0.02109375
21 0.1390625 0.5609375 0.03046875 0.028125
21 0.21875 0.46953125 0.03203125 0.0265625
21 0.29765625 0.56171875 0.0296875 0.0265625
27 0.40078125 0.5875 0.0265625 0.0171875
5 0.21875 0.55859375 0.02109375 0.01328125
14 0.23125 0.44921875 0.290625 0.06171875
31 0.39765625 0.4359375 0.0171875 0.01484375
10 0.56640625 0.28359375 0.0171875 0.03046875
10 0.62265625 0.1578125 0.04453125 0.01328125
28 0.82265625 0.15703125 0.084375 0.0078125
2 0.940625 0.1828125 0.028125 0.0359375
10 0.94609375 0.1984375 0.0171875 0.0296875
28 0.3484375 0.1578125 0.0828125 0.009375
10 0.06875 0.1984375 0.01640625 0.0265625
10 0.06796875 0.36640625 0.0171875 0.028125
23 0.5671875 0.46640625 0.0375 0.02421875