22 0.628125 0.46328125 0.0359375 0.0296875
22 0.228125 0.4296875 0.03671875 0.03046875
22 0.62890625 0.78671875 0.03671875 0.0296875
21 0.62890625 0.12890625 0.028125 0.034375
21 0.628125 0.2546875 0.02578125 0.03046875
20 0.621875 0.31328125 0.02421875 0.0203125
20 0.38046875 0.40546875 0.021875 0.02578125
20 0.34609375 0.28671875 0.021875 0.015625
31 0.34609375 0.2859375 0.0265625 0.0265625
10 0.715625 0.3125 0.0546875 0.021875
10 0.81328125 0.52265625 0.0203125 0.04609375
10 0.8125 0.7125 0.021875 0.04609375
10 0.3796875 0.6 0.0203125 0.04765625
10 0.4453125 0.78984375 0.021875 0.05
30 0.74921875 0.09609375 0.02578125 0.03046875
32 0.44765625 0.75234375 0.028125 0.0265625
2 0.44921875 0.72265625 0.03359375 0.04375
23 0.528125 0.4953125 0.03359375 0.0265625
23 0.16328125 0.3625 0.03203125 0.0265625
28 0.10390625 0.33515625 0.015625 0.071875
28 0.62890625 0.940625 0.1 0.01171875
28 0.71640625 0.30859375 0.08671875 0.01171875
5 0.5515625 0.14375 0.021875 0.01640625
14 0.7015625 0.2515625 0.12890625 0.090625