22 0.375 0.54453125 0.03515625 0.02890625
22 0.765625 0.57734375 0.0359375 0.0296875
22 0.37421875 0.228125 0.0359375 0.02890625
21 0.3734375 0.871875 0.02734375 0.03359375
21 0.375 0.7484375 0.025 0.0296875
20 0.38046875 0.69140625 0.0234375 0.0203125
20 0.6171875 0.6015625 0.02109375 0.025
20 0.65078125 0.7171875 0.02109375 0.01484375
31 0.65078125 0.71796875 0.0265625 0.0265625
10 0.2890625 0.6921875 0.05390625 0.02109375
10 0.19375 0.4859375 0.0203125 0.0453125
10 0.19453125 0.3015625 0.02109375 0.0453125
10 0.6171875 0.4109375 0.0203125 0.04609375
10 0.553125 0.22578125 0.02109375 0.0484375
30 0.25625 0.90390625 0.025 0.0296875
32 0.5515625 0.26171875 0.02734375 0.0265625
2 0.55 0.29140625 0.0328125 0.0421875
23 0.47265625 0.51328125 0.0328125 0.0265625
23 0.8296875 0.64296875 0.03125 0.0265625
28 0.8875 0.6703125 0.01484375 0.0703125
28 0.3734375 0.078125 0.09765625 0.0109375
28 0.2890625 0.6953125 0.08515625 0.0109375
5 0.44921875 0.85703125 0.02109375 0.01640625
14 0.303125 0.7515625 0.1265625 0.0890625