22 0.675 0.590625 0.0390625 0.03203125
22 0.240625 0.628125 0.040625 0.03359375
22 0.67578125 0.23984375 0.040625 0.03203125
21 0.6765625 0.9546875 0.03046875 0.0375
21 0.675 0.81796875 0.028125 0.03359375
20 0.66875 0.75390625 0.0265625 0.021875
20 0.40625 0.65390625 0.0234375 0.028125
20 0.36875 0.78359375 0.0234375 0.01640625
31 0.36875 0.784375 0.02890625 0.02890625
10 0.7703125 0.7546875 0.059375 0.0234375
10 0.8765625 0.5265625 0.021875 0.05
10 0.87578125 0.32109375 0.0234375 0.05
10 0.40546875 0.4421875 0.021875 0.0515625
10 0.47734375 0.23671875 0.0234375 0.05390625
30 0.80703125 0.98671875 0.028125 0.0265625
32 0.47890625 0.27734375 0.03046875 0.02890625
2 0.48046875 0.309375 0.0359375 0.046875
23 0.56640625 0.55625 0.0359375 0.02890625
23 0.1703125 0.70078125 0.034375 0.02890625
28 0.10546875 0.73046875 0.01640625 0.078125
28 0.6765625 0.07265625 0.10859375 0.0125
28 0.77109375 0.759375 0.09453125 0.0125
5 0.5921875 0.93828125 0.0234375 0.01796875
14 0.7546875 0.821875 0.140625 0.0984375