22 0.64140625 0.5078125 0.0359375 0.02421875
22 0.69921875 0.7171875 0.0359375 0.02421875
22 0.28828125 0.7484375 0.03515625 0.02265625
21 0.728125 0.15703125 0.0296875 0.0265625
21 0.57734375 0.15625 0.028125 0.02578125
21 0.72734375 0.3171875 0.028125 0.02578125
21 0.57734375 0.3171875 0.028125 0.02578125
21 0.69921875 0.4296875 0.028125 0.02578125
21 0.39765625 0.25703125 0.028125 0.0265625
21 0.1828125 0.25703125 0.028125 0.02578125
21 0.18203125 0.36796875 0.0265625 0.02578125
21 0.18203125 0.4953125 0.0265625 0.02578125
21 0.39375 0.36796875 0.0265625 0.02578125
21 0.39453125 0.49921875 0.028125 0.02578125
24 0.88203125 0.1390625 0.01875 0.0203125
37 0.8171875 0.1578125 0.03359375 0.03203125
18 0.81953125 0.18359375 0.028125 0.02109375
17 0.77265625 0.096875 0.046875 0.0203125
10 0.825 0.34609375 0.0171875 0.0265625
26 0.81875 0.3703125 0.0265625 0.02109375
29 0.81015625 0.23125 0.028125 0.0203125
6 0.6484375 0.1515625 0.028125 0.02109375
39 0.578125 0.1078125 0.01484375 0.009375
39 0.62109375 0.05 0.03359375 0.0203125
37 0.46953125 0.09765625 0.04921875 0.02109375
10 0.45078125 0.05859375 0.0390625 0.009375
13 0.45078125 0.046875 0.02265625 0.0265625
20 0.43125 0.09453125 0.0171875 0.01484375
28 0.03046875 0.14375 0.01328125 0.07890625
7 0.53828125 0.39140625 0.02578125 0.02109375
2 0.5390625 0.3796875 0.02421875 0.03359375
10 0.54453125 0.41015625 0.01484375 0.02421875
28 0.56953125 0.4421875 0.0109375 0.02421875
20 0.540625 0.465625 0.0203125 0.01484375
20 0.58203125 0.47890625 0.01875 0.01484375
27 0.57734375 0.5609375 0.02265625 0.01484375
23 0.60390625 0.61796875 0.03359375 0.02109375
20 0.54140625 0.6671875 0.02109375 0.01484375
33 0.53828125 0.68359375 0.02578125 0.01640625
10 0.54453125 0.70703125 0.01640625 0.02578125
31 0.5734375 0.71484375 0.01484375 0.01328125
28 0.571875 0.75234375 0.01171875 0.0484375
20 0.58515625 0.78515625 0.0203125 0.01171875
20 0.621875 0.78515625 0.02109375 0.01328125
16 0.59453125 0.86953125 0.009375 0.0359375
13 0.625 0.83125 0.02421875 0.0296875
0 0.51640625 0.9296875 0.01875 0.01171875
12 0.875 0.7671875 0.0109375 0.0359375
28 0.28828125 0.98828125 0.15 0.009375
10 0.06953125 0.93125 0.03984375 0.009375
7 0.0390625 0.7765625 0.0265625 0.02265625
2 0.0390625 0.7453125 0.0265625 0.03515625
10 0.0328125 0.73125 0.01484375 0.02578125
10 0.10625 0.54765625 0.04140625 0.009375
10 0.06875 0.56640625 0.03984375 0.009375
28 0.39453125 0.56484375 0.10078125 0.009375
28 0.28828125 0.54921875 0.12578125 0.0078125
2 0.821875 0.4796875 0.0375 0.01640625
10 0.77890625 0.4765625 0.03984375 0.01171875
33 0.7421875 0.48046875 0.02578125 0.0171875
5 0.77109375 0.43359375 0.0203125 0.01171875
8 0.82734375 0.7515625 0.0109375 0.03046875