22 0.7796875 0.68125 0.034375 0.025
22 0.290625 0.68203125 0.034375 0.0265625
22 0.56796875 0.4828125 0.0359375 0.0265625
22 0.2703125 0.19609375 0.034375 0.0265625
22 0.7453125 0.1765625 0.034375 0.0265625
21 0.81953125 0.48203125 0.0265625 0.028125
21 0.93515625 0.48203125 0.0265625 0.028125
21 0.93515625 0.384375 0.0265625 0.0265625
21 0.8203125 0.384375 0.028125 0.02890625
21 0.1125 0.4765625 0.0265625 0.028125
21 0.23359375 0.4765625 0.0265625 0.028125
21 0.1734375 0.3890625 0.028125 0.028125
30 0.0796875 0.51015625 0.0265625 0.028125
5 0.11015625 0.39609375 0.01875 0.01484375
14 0.3046875 0.47734375 0.11171875 0.09296875
27 0.3796875 0.471875 0.02265625 0.0171875
23 0.47734375 0.484375 0.03203125 0.02421875
10 0.3140625 0.5375 0.0375 0.01171875
20 0.37578125 0.53984375 0.0171875 0.01328125
20 0.51171875 0.51484375 0.02109375 0.015625
20 0.121875 0.53984375 0.01875 0.015625
10 0.04765625 0.28125 0.015625 0.02890625
10 0.0484375 0.10859375 0.01484375 0.02890625
28 0.26015625 0.05625 0.10859375 0.009375
10 0.49140625 0.20078125 0.01484375 0.028125
10 0.515625 0.16875 0.01484375 0.028125
2 0.51953125 0.1828125 0.02265625 0.03203125
20 0.3796875 0.3328125 0.02265625 0.015625
28 0.7640625 0.05546875 0.0984375 0.0109375
10 0.97421875 0.0890625 0.01484375 0.02890625
10 0.97421875 0.2609375 0.01484375 0.028125
20 0.75234375 0.315625 0.01953125 0.015625
20 0.75234375 0.43359375 0.02109375 0.015625
31 0.75546875 0.39921875 0.01484375 0.01328125
5 0.9015625 0.41484375 0.01953125 0.015625
30 0.9421875 0.5109375 0.025 0.0265625
10 0.946875 0.63359375 0.015625 0.0265625
20 0.74765625 0.540625 0.01953125 0.01484375
10 0.946875 0.80625 0.015625 0.02890625
28 0.74765625 0.825 0.096875 0.0078125
10 0.5046875 0.77265625 0.01484375 0.028125
10 0.5296875 0.7640625 0.01484375 0.02890625
2 0.50078125 0.8171875 0.02265625 0.03203125
7 0.5015625 0.79609375 0.02109375 0.02109375
28 0.275 0.82578125 0.1203125 0.009375
23 0.41640625 0.69140625 0.03203125 0.02265625
37 0.08046875 0.7859375 0.02265625 0.028125
37 0.0796875 0.6125 0.02421875 0.0265625
33 0.0796875 0.59140625 0.02109375 0.015625
14 0.87734375 0.33671875 0.21328125 0.0609375
28 0.5640625 0.51796875 0.04921875 0.009375