22 0.21953125 0.28203125 0.03515625 0.02578125
22 0.71484375 0.28125 0.03515625 0.0265625
22 0.43359375 0.4828125 0.0359375 0.0265625
22 0.734375 0.771875 0.03515625 0.0265625
22 0.2546875 0.7921875 0.03515625 0.0265625
21 0.1796875 0.48359375 0.0265625 0.028125
21 0.06328125 0.48359375 0.0265625 0.028125
21 0.06328125 0.58203125 0.0265625 0.0265625
21 0.17890625 0.58203125 0.028125 0.0296875
21 0.89375 0.48828125 0.0265625 0.028125
21 0.771875 0.48828125 0.0265625 0.028125
21 0.8328125 0.57734375 0.028125 0.028125
30 0.92734375 0.45546875 0.0265625 0.028125
5 0.896875 0.5703125 0.01875 0.01484375
14 0.7 0.48828125 0.1125 0.09375
27 0.62421875 0.49375 0.02265625 0.0171875
23 0.52578125 0.48125 0.03203125 0.02421875
10 0.690625 0.4265625 0.0375 0.01171875
20 0.628125 0.425 0.0171875 0.01328125
20 0.490625 0.45078125 0.02109375 0.01640625
20 0.884375 0.425 0.01875 0.01640625
10 0.96015625 0.6859375 0.01640625 0.0296875
10 0.959375 0.8609375 0.01484375 0.0296875
28 0.7453125 0.91328125 0.11015625 0.009375
10 0.51171875 0.7671875 0.01484375 0.028125
10 0.4875 0.79921875 0.01484375 0.028125
2 0.48359375 0.78515625 0.02265625 0.03203125
20 0.62421875 0.634375 0.02265625 0.01640625
28 0.2359375 0.9140625 0.09921875 0.0109375
10 0.0234375 0.88046875 0.01484375 0.0296875
10 0.0234375 0.70703125 0.01484375 0.028125
20 0.24765625 0.6515625 0.0203125 0.01640625
20 0.24765625 0.53203125 0.02109375 0.01640625
31 0.24453125 0.5671875 0.01484375 0.01328125
5 0.096875 0.55078125 0.0203125 0.01640625
30 0.05546875 0.4546875 0.02578125 0.0265625
10 0.05078125 0.3296875 0.01640625 0.0265625
20 0.25234375 0.42421875 0.0203125 0.01484375
10 0.05078125 0.15546875 0.01640625 0.0296875
28 0.25234375 0.13671875 0.09765625 0.0078125
10 0.49765625 0.18984375 0.01484375 0.028125
10 0.47265625 0.1984375 0.01484375 0.0296875
2 0.50234375 0.14453125 0.02265625 0.03203125
7 0.5015625 0.16640625 0.02109375 0.02109375
28 0.7296875 0.1359375 0.121875 0.009375
23 0.5875 0.27109375 0.03203125 0.02265625
37 0.9265625 0.1765625 0.02265625 0.028125
37 0.92734375 0.3515625 0.02421875 0.0265625
33 0.92734375 0.37265625 0.02109375 0.01640625
14 0.12109375 0.6296875 0.215625 0.06171875
28 0.4375 0.446875 0.04921875 0.009375