22 0.275 0.64609375 0.03359375 0.025
22 0.26953125 0.28046875 0.0328125 0.0234375
22 0.546875 0.13671875 0.03359375 0.025
22 0.80625 0.13671875 0.03359375 0.0234375
22 0.665625 0.3796875 0.03515625 0.025
21 0.51796875 0.74921875 0.02578125 0.02578125
21 0.51875 0.64375 0.02734375 0.02734375
21 0.51953125 0.5390625 0.02578125 0.02578125
21 0.66796875 0.74921875 0.025 0.02578125
21 0.66796875 0.64375 0.02734375 0.02734375
21 0.66875 0.53828125 0.02578125 0.02734375
21 0.81796875 0.74921875 0.02578125 0.02578125
21 0.81796875 0.64453125 0.02578125 0.02578125
21 0.8171875 0.53828125 0.025 0.02734375
21 0.790625 0.440625 0.02578125 0.02578125
21 0.90625 0.440625 0.02578125 0.02734375
21 0.84921875 0.30234375 0.02578125 0.02578125
21 0.5015625 0.0109375 0.025 0.021875
37 0.87109375 0.775 0.03359375 0.01796875
37 0.915625 0.76953125 0.02109375 0.025
17 0.915625 0.7546875 0.02109375 0.0234375
18 0.915625 0.7375 0.02109375 0.01796875
24 0.9703125 0.7546875 0.01796875 0.01796875
26 0.915625 0.62265625 0.02109375 0.01953125
29 0.91015625 0.67109375 0.02578125 0.01953125
6 0.74765625 0.7015625 0.02734375 0.02109375
39 0.68671875 0.7625 0.0140625 0.01015625
25 0.70859375 0.825 0.0328125 0.0234375
12 0.96484375 0.5453125 0.01015625 0.03671875
13 0.99375 0.5015625 0.0125 0.015625
6 0.87734375 0.46640625 0.02734375 0.02109375
28 0.746875 0.453125 0.01328125 0.03359375
20 0.86953125 0.490625 0.01953125 0.015625
10 0.846875 0.359375 0.03671875 0.01015625
27 0.72109375 0.3640625 0.01953125 0.0140625
27 0.58359375 0.515625 0.021875 0.01328125
20 0.5953125 0.51484375 0.01953125 0.0140625
20 0.6125 0.49140625 0.01953125 0.0140625
10 0.43046875 0.51328125 0.0375 0.01015625
33 0.475 0.48515625 0.02109375 0.0171875
33 0.51015625 0.48515625 0.0234375 0.0140625
37 0.475 0.4640625 0.021875 0.025
10 0.50625 0.4640625 0.015625 0.025
2 0.509375 0.43671875 0.02109375 0.03125
38 0.503125 0.415625 0.009375 0.03671875
10 0.47890625 0.375 0.0140625 0.02578125
28 0.05703125 0.4171875 0.01328125 0.04921875
10 0.13671875 0.49375 0.03671875 0.01015625
10 0.084375 0.65 0.015625 0.02734375
10 0.08515625 0.8828125 0.0140625 0.02734375
7 0.0875 0.86171875 0.01953125 0.01953125
2 0.08828125 0.84140625 0.02109375 0.02890625
37 0.54453125 0.77578125 0.03515625 0.0171875
9 0.4625 0.93359375 0.03671875 0.01015625
13 0.46171875 0.94453125 0.021875 0.025
10 0.44453125 0.8984375 0.03359375 0.01328125
20 0.440625 0.896875 0.01953125 0.0171875
5 0.89765625 0.3046875 0.01796875 0.0140625
28 0.8765625 0.26640625 0.04453125 0.0078125
28 0.84453125 0.2515625 0.10234375 0.009375
10 0.94453125 0.23515625 0.0140625 0.02578125
23 0.6640625 0.23203125 0.0296875 0.021875
10 0.47890625 0.209375 0.0140625 0.02734375
10 0.4640625 0.175 0.0375 0.01015625
20 0.409375 0.1515625 0.01953125 0.015625
10 0.05859375 0.0828125 0.01328125 0.02734375
28 0.22421875 0.0109375 0.115625 0.009375
2 0.06171875 0.303125 0.01953125 0.0296875
10 0.059375 0.28984375 0.0140625 0.02578125
7 0.06171875 0.2671875 0.01953125 0.01796875
20 0.5671875 0.0703125 0.01953125 0.01328125
0 0.5984375 0.06796875 0.0140625 0.01171875
15 0.621875 0.06953125 0.02890625 0.0140625
10 0.94453125 0.08359375 0.0140625 0.025
16 0.990625 0.07265625 0.01015625 0.03671875