22 0.23203125 0.70078125 0.03515625 0.02578125
22 0.22578125 0.3234375 0.03359375 0.02421875
22 0.51171875 0.175 0.03515625 0.02578125
22 0.78046875 0.17421875 0.03515625 0.02421875
22 0.634375 0.42578125 0.0359375 0.02578125
21 0.4828125 0.80703125 0.0265625 0.0265625
21 0.48359375 0.69765625 0.028125 0.028125
21 0.48359375 0.58984375 0.0265625 0.0265625
21 0.6375 0.80703125 0.02578125 0.0265625
21 0.6375 0.69765625 0.028125 0.028125
21 0.63828125 0.5890625 0.0265625 0.028125
21 0.7921875 0.80703125 0.0265625 0.0265625
21 0.7921875 0.6984375 0.0265625 0.0265625
21 0.79140625 0.5890625 0.02578125 0.028125
21 0.7640625 0.48828125 0.0265625 0.0265625
21 0.88359375 0.48828125 0.0265625 0.028125
21 0.82421875 0.34609375 0.0265625 0.0265625
21 0.465625 0.04140625 0.02578125 0.0265625
37 0.846875 0.83359375 0.03515625 0.01875
37 0.89296875 0.828125 0.02109375 0.02578125
17 0.89296875 0.8125 0.02109375 0.02421875
18 0.89296875 0.79453125 0.02109375 0.01875
24 0.94921875 0.8125 0.01875 0.01875
26 0.89296875 0.6765625 0.02109375 0.0203125
29 0.8875 0.72578125 0.0265625 0.0203125
6 0.71953125 0.75703125 0.028125 0.02109375
39 0.65625 0.8203125 0.01484375 0.0109375
25 0.67890625 0.884375 0.03359375 0.02421875
12 0.94375 0.596875 0.0109375 0.0375
13 0.98359375 0.55078125 0.03203125 0.01640625
6 0.853125 0.51484375 0.028125 0.02109375
28 0.71875 0.5015625 0.01328125 0.03515625
20 0.8453125 0.53984375 0.0203125 0.01640625
10 0.821875 0.4046875 0.0375 0.0109375
27 0.6921875 0.409375 0.0203125 0.01484375
27 0.55 0.565625 0.02265625 0.01328125
20 0.5625 0.56484375 0.0203125 0.01484375
20 0.5796875 0.540625 0.0203125 0.01484375
10 0.3921875 0.56328125 0.0390625 0.0109375
33 0.43828125 0.534375 0.02109375 0.0171875
33 0.47421875 0.534375 0.02421875 0.01484375
37 0.4375 0.5125 0.02265625 0.02578125
10 0.4703125 0.5125 0.01640625 0.02578125
2 0.4734375 0.48359375 0.02109375 0.03203125
38 0.4671875 0.4625 0.009375 0.0375
10 0.44140625 0.42109375 0.01484375 0.0265625
28 0.00703125 0.4640625 0.01328125 0.05078125
10 0.08828125 0.54296875 0.0375 0.0109375
10 0.03515625 0.7046875 0.01640625 0.028125
10 0.03515625 0.94453125 0.01484375 0.028125
7 0.03828125 0.92265625 0.0203125 0.0203125
2 0.0390625 0.90234375 0.02109375 0.0296875
37 0.51015625 0.834375 0.0359375 0.0171875
9 0.425 0.99609375 0.0375 0.0078125
10 0.40625 0.9609375 0.03515625 0.01328125
20 0.403125 0.959375 0.0203125 0.0171875
5 0.87421875 0.34765625 0.01875 0.01484375
28 0.85234375 0.30859375 0.0453125 0.0078125
28 0.81953125 0.29296875 0.10625 0.009375
10 0.92265625 0.27578125 0.01484375 0.0265625
23 0.63359375 0.27265625 0.03046875 0.02265625
10 0.44140625 0.25 0.01484375 0.028125
10 0.4265625 0.21484375 0.0390625 0.0109375
20 0.3703125 0.190625 0.0203125 0.01640625
10 0.0078125 0.11875 0.01328125 0.028125
28 0.17890625 0.04453125 0.11953125 0.009375
2 0.01171875 0.346875 0.0203125 0.03046875
10 0.00859375 0.3328125 0.01484375 0.0265625
7 0.01171875 0.309375 0.0203125 0.01875
20 0.5328125 0.10625 0.0203125 0.01328125
0 0.56484375 0.10390625 0.01484375 0.01171875
15 0.58984375 0.10546875 0.0296875 0.01484375
10 0.92265625 0.1203125 0.01484375 0.02578125
16 0.9703125 0.10859375 0.0109375 0.0375