22 0.5953125 0.853125 0.01796875 0.025
22 0.825 0.671875 0.01796875 0.025
22 0.5296875 0.66640625 0.01796875 0.025
22 0.37578125 0.5703125 0.01796875 0.025
22 0.159375 0.29375 0.01640625 0.025
22 0.36640625 0.20546875 0.01796875 0.0234375
22 0.5765625 0.19296875 0.01796875 0.0234375
21 0.59921875 0.5671875 0.0140625 0.02734375
21 0.66796875 0.47734375 0.0125 0.02578125
21 0.59921875 0.47734375 0.0140625 0.02578125
21 0.66875 0.38671875 0.0140625 0.02578125
21 0.5984375 0.38671875 0.01484375 0.02578125
30 0.6875 0.50625 0.0203125 0.01796875
20 0.559375 0.52421875 0.009375 0.0125
10 0.63046875 0.33828125 0.01953125 0.0109375
5 0.63359375 0.403125 0.009375 0.0125
20 0.559375 0.35 0.0109375 0.0140625
14 0.675 0.5703125 0.0484375 0.09609375
10 0.7546875 0.50703125 0.01796875 0.0109375
20 0.6515625 0.6296875 0.0125 0.0125
23 0.53046875 0.5734375 0.01640625 0.0203125
31 0.459375 0.6109375 0.009375 0.009375
28 0.375 0.61171875 0.04140625 0.009375
20 0.559375 0.72421875 0.0140625 0.0140625
10 0.5796875 0.72265625 0.01953125 0.0109375
27 0.28671875 0.47734375 0.0109375 0.01484375
20 0.28671875 0.46328125 0.0109375 0.0125
23 0.32265625 0.434375 0.01640625 0.0203125
20 0.2703125 0.36640625 0.0109375 0.01484375
30 0.21328125 0.60390625 0.01640625 0.02578125
28 0.825 0.46875 0.03984375 0.009375
21 0.2078125 0.528125 0.01484375 0.02578125
21 0.13515625 0.52734375 0.01484375 0.025
21 0.06171875 0.52734375 0.0140625 0.025
14 0.2515625 0.56171875 0.05234375 0.1125
5 0.11484375 0.56953125 0.009375 0.0125
20 0.10625 0.44921875 0.0125 0.0140625
37 0.0484375 0.371875 0.0140625 0.02890625
28 0.15234375 0.13359375 0.06328125 0.009375
28 0.3703125 0.134375 0.02890625 0.00859375
10 0.23515625 0.1359375 0.01953125 0.0109375
10 0.459375 0.11953125 0.009375 0.025
10 0.459375 0.275 0.009375 0.025
10 0.27265625 0.2890625 0.009375 0.02578125
7 0.27109375 0.30625 0.009375 0.01953125
2 0.2703125 0.2640625 0.0109375 0.02734375
20 0.27109375 0.21484375 0.0125 0.0125
37 0.0484375 0.22421875 0.0140625 0.025
33 0.0484375 0.20234375 0.0109375 0.01484375
10 0.49921875 0.9625 0.009375 0.02578125
2 0.5 0.95 0.0109375 0.02890625
28 0.5953125 0.9859375 0.05390625 0.009375
10 0.69375 0.93046875 0.00859375 0.02578125
10 0.69375 0.77578125 0.00859375 0.02578125
10 0.75390625 0.83671875 0.01953125 0.0109375
28 0.825 0.83828125 0.034375 0.00859375
10 0.9609375 0.74921875 0.00703125 0.02578125
10 0.96171875 0.59453125 0.00859375 0.025
9 0.69296875 0.09921875 0.009375 0.02578125
28 0.5765625 0.0453125 0.0703125 0.00859375
10 0.28515625 0.25859375 0.00703125 0.02578125