22 0.45 0.840625 0.01640625 0.02265625
22 0.2375 0.67265625 0.01640625 0.02265625
22 0.5109375 0.66796875 0.01640625 0.02265625
22 0.653125 0.57890625 0.01640625 0.02265625
22 0.85390625 0.3234375 0.015625 0.02265625
22 0.6625 0.24140625 0.01640625 0.021875
22 0.4671875 0.2296875 0.01640625 0.021875
21 0.446875 0.5765625 0.0125 0.02578125
21 0.38203125 0.49296875 0.01171875 0.02421875
21 0.446875 0.49296875 0.0125 0.02421875
21 0.38203125 0.409375 0.0125 0.02421875
21 0.446875 0.409375 0.0140625 0.02421875
30 0.36484375 0.51953125 0.01875 0.01640625
20 0.4828125 0.5359375 0.00859375 0.01171875
10 0.4171875 0.3640625 0.01796875 0.01015625
5 0.4140625 0.42421875 0.00859375 0.01171875
20 0.48359375 0.375 0.01015625 0.0125
14 0.37578125 0.57890625 0.04453125 0.0890625
10 0.30234375 0.5203125 0.01640625 0.01015625
20 0.39765625 0.634375 0.01171875 0.01171875
23 0.51015625 0.58203125 0.015625 0.01875
31 0.57578125 0.61640625 0.00859375 0.00859375
28 0.65390625 0.61796875 0.03828125 0.00859375
20 0.48359375 0.72109375 0.0125 0.0125
10 0.4640625 0.7203125 0.01796875 0.01015625
27 0.73515625 0.49296875 0.01015625 0.0140625
20 0.73515625 0.48046875 0.01015625 0.01171875
23 0.70234375 0.45390625 0.015625 0.01875
20 0.75078125 0.38984375 0.01015625 0.0140625
30 0.80390625 0.61015625 0.015625 0.02421875
28 0.2375 0.48515625 0.03671875 0.00859375
21 0.80859375 0.53984375 0.0140625 0.02421875
21 0.87578125 0.5390625 0.0140625 0.02265625
21 0.94375 0.5390625 0.0125 0.02265625
14 0.76875 0.57109375 0.0484375 0.1046875
5 0.8953125 0.578125 0.00859375 0.01171875
20 0.90234375 0.4671875 0.01171875 0.0125
37 0.95703125 0.3953125 0.0125 0.0265625
28 0.86015625 0.175 0.05859375 0.00859375
28 0.65859375 0.17578125 0.0265625 0.0078125
10 0.78359375 0.1765625 0.01796875 0.01015625
10 0.57578125 0.16171875 0.00859375 0.02265625
10 0.57578125 0.30546875 0.00859375 0.02265625
10 0.7484375 0.31875 0.00859375 0.02421875
7 0.75 0.334375 0.00859375 0.01796875
2 0.75078125 0.2953125 0.01015625 0.02578125
20 0.75 0.25 0.01171875 0.01171875
37 0.95703125 0.25859375 0.0125 0.02265625
33 0.95703125 0.23828125 0.01015625 0.0140625
10 0.5390625 0.9421875 0.00859375 0.02421875
2 0.53828125 0.93046875 0.01015625 0.0265625
28 0.45 0.9640625 0.05 0.00859375
10 0.35859375 0.9125 0.0078125 0.02421875
10 0.35859375 0.76875 0.0078125 0.02421875
10 0.303125 0.82578125 0.01796875 0.01015625
28 0.2375 0.82734375 0.03203125 0.0078125
10 0.1109375 0.74453125 0.00625 0.02421875
10 0.1109375 0.6015625 0.0078125 0.02265625
9 0.359375 0.14296875 0.00859375 0.02421875
28 0.4671875 0.09296875 0.06484375 0.0078125
10 0.7375 0.290625 0.00625 0.02421875