22 0.5546875 0.8421875 0.01640625 0.02265625
22 0.76328125 0.67734375 0.01640625 0.02265625
22 0.49453125 0.67265625 0.01640625 0.02265625
22 0.3546875 0.58515625 0.01640625 0.02265625
22 0.1578125 0.33359375 0.01484375 0.02265625
22 0.3453125 0.253125 0.01640625 0.02109375
22 0.53671875 0.2421875 0.01640625 0.02109375
21 0.5578125 0.5828125 0.0125 0.025
21 0.6203125 0.50078125 0.0109375 0.0234375
21 0.5578125 0.50078125 0.0125 0.0234375
21 0.62109375 0.41796875 0.0125 0.0234375
21 0.55703125 0.41796875 0.0140625 0.0234375
30 0.63828125 0.5265625 0.01875 0.01640625
20 0.521875 0.54296875 0.00859375 0.0109375
10 0.5859375 0.3734375 0.0171875 0.01015625
5 0.5890625 0.4328125 0.00859375 0.0109375
20 0.52109375 0.38515625 0.01015625 0.0125
14 0.6265625 0.58515625 0.04375 0.0875
10 0.69921875 0.52734375 0.01640625 0.01015625
20 0.60546875 0.6390625 0.0109375 0.0109375
23 0.4953125 0.58828125 0.01484375 0.01875
31 0.43046875 0.621875 0.00859375 0.00859375
28 0.35390625 0.6234375 0.0375 0.00859375
20 0.52109375 0.725 0.0125 0.0125
10 0.53984375 0.7234375 0.0171875 0.01015625
27 0.2734375 0.50078125 0.01015625 0.0140625
20 0.2734375 0.48828125 0.01015625 0.0109375
23 0.30625 0.46171875 0.01484375 0.01875
20 0.25859375 0.39921875 0.01015625 0.0140625
30 0.20625 0.615625 0.01484375 0.0234375
28 0.76328125 0.49296875 0.0359375 0.00859375
21 0.2015625 0.546875 0.0140625 0.0234375
21 0.1359375 0.54609375 0.0140625 0.02265625
21 0.06875 0.54609375 0.0125 0.02265625
14 0.24140625 0.57734375 0.04765625 0.10234375
5 0.1171875 0.584375 0.00859375 0.0109375
20 0.109375 0.475 0.0109375 0.0125
37 0.05625 0.4046875 0.0125 0.0265625
28 0.1515625 0.18828125 0.0578125 0.00859375
28 0.34921875 0.1890625 0.0265625 0.0078125
10 0.2265625 0.18984375 0.0171875 0.01015625
10 0.43046875 0.175 0.00859375 0.02265625
10 0.43046875 0.31640625 0.00859375 0.02265625
10 0.2609375 0.3296875 0.00859375 0.0234375
7 0.259375 0.3453125 0.00859375 0.0171875
2 0.25859375 0.30625 0.01015625 0.025
20 0.259375 0.26171875 0.0109375 0.0109375
37 0.05625 0.2703125 0.0125 0.02265625
33 0.05625 0.25078125 0.01015625 0.0140625
10 0.4671875 0.9421875 0.00859375 0.0234375
2 0.4671875 0.93046875 0.01015625 0.0265625
28 0.5546875 0.96328125 0.0484375 0.00859375
10 0.64375 0.91328125 0.0078125 0.0234375
10 0.64375 0.771875 0.0078125 0.0234375
10 0.6984375 0.82734375 0.0171875 0.01015625
28 0.76328125 0.82890625 0.03125 0.0078125
10 0.88671875 0.7484375 0.00625 0.0234375
10 0.8875 0.6078125 0.0078125 0.02265625
9 0.64296875 0.15703125 0.00859375 0.0234375
28 0.53671875 0.1078125 0.0640625 0.0078125
10 0.271875 0.3015625 0.00625 0.0234375