22 0.384375 0.42578125 0.0171875 0.02109375
22 0.171875 0.36328125 0.0171875 0.02265625
21 0.5265625 0.36640625 0.01328125 0.02265625
21 0.4671875 0.36640625 0.015625 0.0234375
21 0.496875 0.2984375 0.01484375 0.0265625
21 0.4046875 0.309375 0.01484375 0.025
21 0.28359375 0.309375 0.01328125 0.025
20 0.440625 0.3328125 0.01328125 0.01484375
20 0.25703125 0.34609375 0.0109375 0.01484375
20 0.2921875 0.3578125 0.01484375 0.01328125
31 0.271875 0.459375 0.0078125 0.015625
31 0.25859375 0.4765625 0.0078125 0.01171875
10 0.084375 0.2921875 0.0078125 0.02265625
10 0.084375 0.434375 0.0078125 0.025
10 0.25859375 0.46015625 0.0109375 0.01875
10 0.30078125 0.23046875 0.01875 0.009375
30 0.575 0.37890625 0.015625 0.02265625
2 0.25546875 0.434375 0.01484375 0.02734375
14 0.49765625 0.42109375 0.07109375 0.0578125
28 0.29453125 0.49921875 0.040625 0.009375
28 0.171875 0.4984375 0.0359375 0.0109375
28 0.2296875 0.20546875 0.03671875 0.0078125
23 0.2890625 0.38359375 0.015625 0.01953125
23 0.34921875 0.3109375 0.015625 0.01953125
5 0.496875 0.33515625 0.009375 0.01328125