22 0.640625 0.6125 0.01796875 0.021875
22 0.86484375 0.678125 0.01796875 0.0234375
21 0.49140625 0.67578125 0.0140625 0.0234375
21 0.55390625 0.675 0.01640625 0.025
21 0.52265625 0.746875 0.015625 0.028125
21 0.6203125 0.73515625 0.015625 0.0265625
21 0.746875 0.73515625 0.0140625 0.0265625
20 0.58203125 0.71015625 0.0140625 0.015625
20 0.775 0.696875 0.0109375 0.015625
20 0.73828125 0.684375 0.015625 0.0140625
31 0.759375 0.578125 0.00859375 0.01640625
31 0.7734375 0.559375 0.00859375 0.0125
10 0.95703125 0.753125 0.00859375 0.0234375
10 0.95703125 0.603125 0.00859375 0.0265625
10 0.7734375 0.5765625 0.0109375 0.01953125
10 0.72890625 0.81875 0.01953125 0.009375
30 0.440625 0.66171875 0.01640625 0.0234375
2 0.77734375 0.603125 0.015625 0.02890625
14 0.521875 0.61796875 0.075 0.0609375
28 0.73515625 0.53515625 0.04296875 0.009375
28 0.86484375 0.5359375 0.0375 0.0109375
28 0.80390625 0.84453125 0.0390625 0.00859375
23 0.74140625 0.6578125 0.01640625 0.02109375
23 0.678125 0.734375 0.01640625 0.02109375
5 0.52265625 0.70859375 0.009375 0.0140625