22 0.3640625 0.5703125 0.0171875 0.021875
22 0.146875 0.634375 0.0171875 0.02265625
21 0.509375 0.63203125 0.01328125 0.02265625
21 0.4484375 0.63125 0.01640625 0.02421875
21 0.47890625 0.7015625 0.01484375 0.02734375
21 0.384375 0.68984375 0.01484375 0.02578125
21 0.2609375 0.68984375 0.01328125 0.02578125
20 0.421875 0.665625 0.01328125 0.01484375
20 0.23359375 0.65234375 0.0109375 0.01484375
20 0.26953125 0.640625 0.01484375 0.01328125
31 0.2484375 0.53671875 0.0078125 0.01640625
31 0.23515625 0.51796875 0.0078125 0.0125
10 0.05703125 0.7078125 0.0078125 0.02265625
10 0.05703125 0.56171875 0.0078125 0.02578125
10 0.23515625 0.53515625 0.0109375 0.01875
10 0.278125 0.77109375 0.01875 0.009375
30 0.559375 0.61796875 0.01640625 0.02265625
2 0.23203125 0.56171875 0.01484375 0.028125
14 0.4796875 0.57578125 0.07265625 0.059375
28 0.27265625 0.4953125 0.0421875 0.009375
28 0.146875 0.49609375 0.03671875 0.0109375
28 0.20546875 0.79609375 0.0375 0.0078125
23 0.26640625 0.6140625 0.01640625 0.0203125
23 0.328125 0.68828125 0.01640625 0.0203125
5 0.47890625 0.66328125 0.009375 0.01328125