22 0.48125 0.1421875 0.01875 0.02265625
22 0.61953125 0.265625 0.0171875 0.02265625
22 0.73125 0.41640625 0.0171875 0.02265625
22 0.696875 0.6140625 0.01875 0.02265625
22 0.88671875 0.359375 0.01875 0.02265625
21 0.696875 0.87734375 0.01484375 0.0234375
21 0.778125 0.79921875 0.01328125 0.0234375
21 0.615625 0.7984375 0.01484375 0.025
21 0.5390625 0.89140625 0.01484375 0.025
21 0.5390625 0.803125 0.01484375 0.0234375
21 0.5390625 0.715625 0.01171875 0.025
21 0.5390625 0.62890625 0.01171875 0.025
27 0.55546875 0.61875 0.0109375 0.01328125
20 0.55546875 0.63984375 0.0109375 0.01328125
10 0.58203125 0.5765625 0.0078125 0.0234375
13 0.6 0.9453125 0.0109375 0.01953125
10 0.59921875 0.9328125 0.01953125 0.0078125
10 0.59921875 0.9015625 0.01953125 0.009375
20 0.596875 0.89921875 0.009375 0.01484375
21 0.696875 0.72109375 0.01484375 0.025
10 0.79375 0.675 0.009375 0.025
13 0.8390625 0.62109375 0.0109375 0.025
10 0.97421875 0.57890625 0.0171875 0.0109375
28 0.99375 0.51875 0.00546875 0.065625
19 0.9859375 0.4453125 0.01953125 0.01484375
19 0.98515625 0.27421875 0.01875 0.01328125
37 0.78203125 0.26875 0.01328125 0.025
28 0.7671875 0.29140625 0.00625 0.0578125
19 0.7859375 0.359375 0.01953125 0.01484375
27 0.7609375 0.490625 0.0109375 0.01328125
20 0.80859375 0.5 0.0109375 0.0109375
20 0.69609375 0.51171875 0.009375 0.0109375
33 0.78125 0.478125 0.0109375 0.01171875
37 0.78125 0.46015625 0.0109375 0.0234375
20 0.78046875 0.21640625 0.009375 0.01328125
7 0.99140625 0.209375 0.009375 0.01875
10 0.99375 0.19375 0.0078125 0.02109375
2 0.99140625 0.16953125 0.01171875 0.02734375
0 0.7640625 0.14140625 0.0078125 0.0109375
31 0.7546875 0.14140625 0.0078125 0.0109375
20 0.75 0.14140625 0.009375 0.01328125
28 0.88984375 0.06640625 0.05703125 0.009375
21 0.684375 0.06953125 0.01328125 0.0234375
10 0.575 0.05703125 0.01875 0.009375
15 0.61328125 0.1421875 0.01328125 0.01484375
10 0.38359375 0.05703125 0.01875 0.009375
16 0.34609375 0.07421875 0.00390625 0.0359375
10 0.38359375 0.2265625 0.01875 0.01171875
2 0.403125 0.22421875 0.02265625 0.01328125
28 0.4140625 0.2421875 0.0234375 0.00625
28 0.459375 0.2265625 0.05546875 0.0078125
20 0.5421875 0.22421875 0.0109375 0.01328125
21 0.30625 0.4171875 0.015625 0.025
21 0.43359375 0.41796875 0.01171875 0.0234375
21 0.5109375 0.4171875 0.01328125 0.025
21 0.5109375 0.51484375 0.01484375 0.0234375
21 0.434375 0.5171875 0.01328125 0.0234375
8 0.3671875 0.5609375 0.00625 0.02890625
12 0.3453125 0.5609375 0.00546875 0.034375
20 0.34140625 0.50390625 0.0109375 0.01328125
33 0.3703125 0.50390625 0.009375 0.01328125
2 0.37109375 0.5234375 0.0109375 0.02734375
38 0.38125 0.58203125 0.0234375 0.0078125
10 0.36796875 0.48671875 0.0078125 0.02109375
6 0.396875 0.42265625 0.01328125 0.01953125
20 0.43828125 0.38046875 0.01171875 0.01171875
21 0.428125 0.628125 0.01484375 0.0234375
20 0.4625 0.578125 0.01171875 0.01484375
37 0.53515625 0.578125 0.0171875 0.01484375
6 0.52265625 0.57734375 0.0109375 0.01484375
23 0.67578125 0.3015625 0.01484375 0.01953125
20 0.475 0.31953125 0.0109375 0.0109375
21 0.38671875 0.30078125 0.01328125 0.0234375
21 0.44296875 0.30078125 0.01484375 0.0234375
5 0.4140625 0.30234375 0.0078125 0.0109375
21 0.42734375 0.715625 0.01328125 0.025
39 0.37890625 0.76484375 0.009375 0.0109375
37 0.37109375 0.675 0.0109375 0.02265625
10 0.4921875 0.8359375 0.01875 0.009375
29 0.48125 0.76484375 0.01328125 0.0171875
21 0.428125 0.803125 0.01484375 0.0234375
21 0.428125 0.8921875 0.01484375 0.0234375
6 0.48125 0.896875 0.01328125 0.01875
37 0.37109375 0.853125 0.0109375 0.02265625
25 0.38125 0.9640625 0.015625 0.01953125
13 0.22265625 0.92578125 0.0109375 0.0265625
20 0.2390625 0.88359375 0.009375 0.01484375
10 0.22265625 0.88359375 0.02265625 0.01328125
36 0.26171875 0.68984375 0.00625 0.1375
36 0.11015625 0.68984375 0.00625 0.134375
24 0.18828125 0.46171875 0.01171875 0.01328125
18 0.49765625 0.81796875 0.0109375 0.01875
10 0.784375 0.90234375 0.0171875 0.0109375