22 0.47265625 0.16796875 0.01796875 0.021875
22 0.609375 0.290625 0.0171875 0.021875
22 0.7203125 0.4390625 0.0171875 0.021875
22 0.68515625 0.63515625 0.01796875 0.021875
22 0.8734375 0.3828125 0.01796875 0.021875
21 0.6859375 0.8953125 0.0140625 0.0234375
21 0.76640625 0.81875 0.01328125 0.0234375
21 0.60546875 0.81796875 0.0140625 0.025
21 0.5296875 0.909375 0.0140625 0.025
21 0.5296875 0.82265625 0.0140625 0.0234375
21 0.5296875 0.7359375 0.01171875 0.025
21 0.5296875 0.64921875 0.01171875 0.025
27 0.5453125 0.63984375 0.01015625 0.01328125
20 0.5453125 0.6609375 0.01015625 0.01328125
10 0.571875 0.59765625 0.0078125 0.0234375
13 0.58984375 0.9625 0.01015625 0.01953125
10 0.5890625 0.95078125 0.01953125 0.0078125
10 0.5890625 0.91953125 0.01953125 0.009375
20 0.58671875 0.9171875 0.009375 0.0140625
21 0.6859375 0.740625 0.0140625 0.025
10 0.78125 0.6953125 0.009375 0.025
13 0.8265625 0.64140625 0.01015625 0.025
10 0.96015625 0.60078125 0.0171875 0.01015625
28 0.97890625 0.540625 0.00546875 0.065625
19 0.971875 0.46796875 0.01953125 0.0140625
19 0.97109375 0.29921875 0.01796875 0.01328125
37 0.7703125 0.29296875 0.01328125 0.025
28 0.75546875 0.315625 0.00625 0.0578125
19 0.7734375 0.3828125 0.01953125 0.0140625
27 0.74921875 0.51328125 0.01015625 0.01328125
20 0.79609375 0.521875 0.01015625 0.01015625
20 0.684375 0.53359375 0.009375 0.01015625
33 0.76875 0.50078125 0.01015625 0.01171875
37 0.76875 0.4828125 0.01015625 0.0234375
20 0.76796875 0.24140625 0.009375 0.01328125
7 0.97734375 0.23515625 0.009375 0.01796875
10 0.97890625 0.21953125 0.0078125 0.02109375
2 0.97734375 0.1953125 0.01171875 0.02734375
0 0.75234375 0.1671875 0.0078125 0.01015625
31 0.74296875 0.1671875 0.0078125 0.01015625
20 0.73828125 0.1671875 0.009375 0.01328125
28 0.8765625 0.09296875 0.05625 0.009375
21 0.6734375 0.096875 0.01328125 0.0234375
10 0.565625 0.084375 0.01796875 0.009375
15 0.603125 0.16796875 0.01328125 0.0140625
10 0.37578125 0.084375 0.01796875 0.009375
16 0.3390625 0.1015625 0.00390625 0.03515625
10 0.37578125 0.2515625 0.01796875 0.01171875
2 0.39453125 0.24921875 0.021875 0.01328125
28 0.40625 0.2671875 0.0234375 0.00625
28 0.45078125 0.25234375 0.0546875 0.0078125
20 0.5328125 0.24921875 0.01015625 0.01328125
21 0.29921875 0.440625 0.015625 0.025
21 0.425 0.44140625 0.01171875 0.0234375
21 0.5015625 0.440625 0.01328125 0.025
21 0.50234375 0.53671875 0.0140625 0.0234375
21 0.42578125 0.5390625 0.01328125 0.0234375
8 0.359375 0.58203125 0.00625 0.02890625
12 0.33828125 0.58203125 0.00546875 0.03359375
20 0.334375 0.52578125 0.01015625 0.01328125
33 0.3625 0.52578125 0.009375 0.01328125
2 0.36328125 0.5453125 0.01015625 0.02734375
38 0.3734375 0.603125 0.0234375 0.0078125
10 0.36015625 0.509375 0.0078125 0.02109375
6 0.3890625 0.44609375 0.01328125 0.01953125
20 0.43046875 0.40390625 0.01171875 0.01171875
21 0.41953125 0.6484375 0.0140625 0.0234375
20 0.45390625 0.6 0.01171875 0.0140625
37 0.52578125 0.6 0.0171875 0.0140625
6 0.51328125 0.5984375 0.01015625 0.0140625
23 0.66484375 0.32578125 0.0140625 0.01953125
20 0.46640625 0.34296875 0.01015625 0.01015625
21 0.37890625 0.325 0.01328125 0.0234375
21 0.434375 0.325 0.0140625 0.0234375
5 0.40625 0.3265625 0.0078125 0.01015625
21 0.41875 0.7359375 0.01328125 0.025
39 0.37109375 0.784375 0.009375 0.01015625
37 0.36328125 0.6953125 0.01015625 0.021875
10 0.4828125 0.8546875 0.01796875 0.009375
29 0.47265625 0.78359375 0.01328125 0.0171875
21 0.41953125 0.82265625 0.0140625 0.0234375
21 0.41953125 0.91015625 0.0140625 0.0234375
6 0.47265625 0.91484375 0.01328125 0.01796875
37 0.36328125 0.87109375 0.01015625 0.021875
25 0.3734375 0.98125 0.015625 0.01953125
13 0.21640625 0.94375 0.01015625 0.02578125
20 0.2328125 0.9015625 0.009375 0.0140625
10 0.21640625 0.90234375 0.021875 0.01328125
36 0.25546875 0.71015625 0.00625 0.1359375
36 0.10546875 0.71015625 0.00625 0.1328125
24 0.18203125 0.484375 0.01171875 0.01328125
18 0.48828125 0.83671875 0.01015625 0.01796875
10 0.771875 0.9203125 0.0171875 0.01015625