22 0.46640625 0.8328125 0.01875 0.02265625
22 0.6078125 0.70625 0.0171875 0.02265625
22 0.72265625 0.55234375 0.0171875 0.02265625
22 0.68671875 0.34921875 0.01875 0.02265625
22 0.88125 0.61015625 0.01875 0.02265625
21 0.6875 0.0796875 0.01484375 0.02421875
21 0.7703125 0.159375 0.01328125 0.02421875
21 0.603125 0.16015625 0.01484375 0.02578125
21 0.525 0.065625 0.01484375 0.02578125
21 0.525 0.15546875 0.01484375 0.02421875
21 0.525 0.2453125 0.0125 0.02578125
21 0.525 0.334375 0.0125 0.02578125
27 0.5421875 0.34453125 0.0109375 0.01328125
20 0.5421875 0.32265625 0.0109375 0.01328125
10 0.56875 0.3875 0.0078125 0.02421875
13 0.5875 0.01015625 0.0109375 0.0203125
10 0.5875 0.02265625 0.0203125 0.0078125
10 0.5875 0.0546875 0.0203125 0.009375
20 0.584375 0.0578125 0.009375 0.01484375
21 0.6875 0.23984375 0.01484375 0.02578125
10 0.7859375 0.2875 0.009375 0.02578125
13 0.8328125 0.3421875 0.0109375 0.02578125
10 0.97109375 0.38515625 0.0171875 0.0109375
28 0.990625 0.44765625 0.00546875 0.0671875
19 0.9828125 0.52265625 0.0203125 0.01484375
19 0.9828125 0.69765625 0.01875 0.01328125
37 0.77421875 0.703125 0.01328125 0.02578125
28 0.75859375 0.6796875 0.00703125 0.059375
19 0.77734375 0.61015625 0.0203125 0.01484375
27 0.75234375 0.47578125 0.0109375 0.01328125
20 0.8015625 0.46640625 0.0109375 0.0109375
20 0.6859375 0.45390625 0.009375 0.0109375
33 0.77265625 0.48828125 0.0109375 0.0125
37 0.77265625 0.50703125 0.0109375 0.02421875
20 0.77265625 0.75703125 0.009375 0.01328125
7 0.98828125 0.76328125 0.009375 0.01875
10 0.990625 0.7796875 0.0078125 0.021875
2 0.98828125 0.8046875 0.0125 0.028125
0 0.75546875 0.83359375 0.0078125 0.0109375
31 0.74609375 0.83359375 0.0078125 0.0109375
20 0.74140625 0.83359375 0.009375 0.01328125
28 0.884375 0.91015625 0.0578125 0.009375
21 0.67421875 0.90703125 0.01328125 0.02421875
10 0.5625 0.91953125 0.01875 0.009375
15 0.6015625 0.8328125 0.01328125 0.01484375
10 0.36640625 0.91953125 0.01875 0.009375
16 0.32734375 0.90234375 0.00390625 0.03671875
10 0.36640625 0.746875 0.01875 0.0125
2 0.3859375 0.7484375 0.02265625 0.01328125
28 0.39765625 0.73046875 0.02421875 0.00703125
28 0.44296875 0.74609375 0.05703125 0.0078125
20 0.528125 0.7484375 0.0109375 0.01328125
21 0.28671875 0.55078125 0.01640625 0.02578125
21 0.4171875 0.55 0.0125 0.02421875
21 0.49609375 0.55078125 0.01328125 0.02578125
21 0.496875 0.4515625 0.01484375 0.02421875
21 0.4171875 0.4484375 0.01328125 0.02421875
8 0.34921875 0.40390625 0.00703125 0.0296875
12 0.32734375 0.40390625 0.00546875 0.03515625
20 0.32265625 0.4625 0.0109375 0.01328125
33 0.35234375 0.4625 0.009375 0.01328125
2 0.35234375 0.4421875 0.0109375 0.028125
38 0.36328125 0.3828125 0.02421875 0.0078125
10 0.35 0.4796875 0.0078125 0.021875
6 0.3796875 0.5453125 0.01328125 0.0203125
20 0.42265625 0.58828125 0.0125 0.0125
21 0.41171875 0.33515625 0.01484375 0.02421875
20 0.446875 0.3859375 0.0125 0.01484375
37 0.52109375 0.3859375 0.0171875 0.01484375
6 0.5078125 0.3875 0.0109375 0.01484375
23 0.665625 0.66953125 0.01484375 0.0203125
20 0.459375 0.6515625 0.0109375 0.0109375
21 0.36875 0.6703125 0.01328125 0.02421875
21 0.4265625 0.6703125 0.01484375 0.02421875
5 0.39765625 0.66875 0.0078125 0.0109375
21 0.4109375 0.2453125 0.01328125 0.02578125
39 0.36171875 0.19453125 0.009375 0.0109375
37 0.35234375 0.2875 0.0109375 0.02265625
10 0.47734375 0.12265625 0.01875 0.009375
29 0.46640625 0.1953125 0.01328125 0.0171875
21 0.41171875 0.15546875 0.01484375 0.02421875
21 0.41171875 0.06484375 0.01484375 0.02421875
6 0.46640625 0.059375 0.01328125 0.01875
37 0.35234375 0.1046875 0.0109375 0.02265625
13 0.2015625 0.0296875 0.0109375 0.02734375
20 0.21796875 0.0734375 0.009375 0.01484375
10 0.20078125 0.07265625 0.02265625 0.01328125
36 0.24140625 0.271875 0.00703125 0.140625
36 0.0859375 0.271875 0.00703125 0.1375
24 0.165625 0.50546875 0.0125 0.01328125
18 0.4828125 0.140625 0.0109375 0.01875
10 0.7765625 0.05390625 0.0171875 0.0109375