22 0.1921875 0.60234375 0.01796875 0.021875
22 0.39453125 0.540625 0.01796875 0.02265625
21 0.29765625 0.65625 0.01796875 0.02578125
21 0.4140625 0.65546875 0.0140625 0.02421875
21 0.47421875 0.6 0.0140625 0.02421875
21 0.5296875 0.6 0.01171875 0.021875
21 0.5015625 0.66640625 0.01171875 0.02265625
31 0.2875 0.5078125 0.0078125 0.0125
10 0.109375 0.5328125 0.01015625 0.02578125
10 0.10859375 0.67265625 0.00859375 0.02265625
10 0.2765625 0.50703125 0.00859375 0.021875
10 0.31640625 0.7359375 0.01875 0.01171875
30 0.57734375 0.5875 0.015625 0.02265625
32 0.27578125 0.48984375 0.00859375 0.0125
2 0.275 0.525 0.01015625 0.0140625
14 0.5015625 0.546875 0.06484375 0.05859375
28 0.1921875 0.4671875 0.0328125 0.00625
28 0.309375 0.46796875 0.03828125 0.0078125
28 0.2484375 0.75859375 0.0328125 0.0078125
5 0.5015625 0.63203125 0.00859375 0.01171875
23 0.303125 0.5828125 0.01640625 0.0203125
23 0.35234375 0.66953125 0.015625 0.01796875
20 0.30625 0.61015625 0.01015625 0.01171875
20 0.27421875 0.61796875 0.00859375 0.0140625
20 0.44765625 0.63203125 0.01015625 0.0125