22 0.83671875 0.62109375 0.01875 0.02265625
22 0.6265625 0.55703125 0.01875 0.0234375
21 0.7265625 0.6765625 0.01875 0.0265625
21 0.60625 0.67578125 0.01484375 0.025
21 0.54453125 0.61796875 0.01484375 0.025
21 0.4859375 0.61796875 0.01171875 0.02265625
21 0.51484375 0.6875 0.01171875 0.0234375
31 0.7375 0.52265625 0.0078125 0.01328125
10 0.921875 0.5484375 0.0109375 0.0265625
10 0.92265625 0.69375 0.009375 0.0234375
10 0.7484375 0.521875 0.009375 0.02265625
10 0.7078125 0.759375 0.01953125 0.01171875
30 0.43671875 0.60546875 0.015625 0.0234375
32 0.75 0.50390625 0.009375 0.01328125
2 0.75078125 0.540625 0.0109375 0.01484375
14 0.51484375 0.56328125 0.0671875 0.0609375
28 0.83671875 0.48125 0.034375 0.00625
28 0.71484375 0.48125 0.03984375 0.0078125
28 0.778125 0.78203125 0.034375 0.0078125
5 0.51484375 0.65078125 0.009375 0.01171875
23 0.72109375 0.6 0.0171875 0.02109375
23 0.6703125 0.68984375 0.015625 0.01875
20 0.71796875 0.62890625 0.0109375 0.01171875
20 0.7515625 0.63671875 0.009375 0.01484375
20 0.57109375 0.6515625 0.0109375 0.01328125