22 0.3125 0.46875 0.021875 0.02421875
22 0.58671875 0.27890625 0.0203125 0.02578125
22 0.81328125 0.3234375 0.02265625 0.02578125
22 0.58671875 0.415625 0.02265625 0.02421875
22 0.68671875 0.5765625 0.0203125 0.02265625
22 0.8 0.76015625 0.0203125 0.02421875
21 0.1078125 0.378125 0.01640625 0.028125
21 0.1078125 0.43984375 0.015625 0.028125
21 0.1078125 0.50078125 0.01875 0.02890625
21 0.84453125 0.48359375 0.01640625 0.028125
21 0.8015625 0.57890625 0.01796875 0.02578125
21 0.8859375 0.57890625 0.01640625 0.02578125
21 0.54609375 0.659375 0.01796875 0.02578125
21 0.54609375 0.72578125 0.01875 0.0265625
21 0.6390625 0.72578125 0.01796875 0.0265625
20 0.42890625 0.44296875 0.0125 0.01796875
20 0.61796875 0.3515625 0.0140625 0.0140625
20 0.61796875 0.37265625 0.0140625 0.015625
20 0.7078125 0.3609375 0.01171875 0.015625
20 0.73671875 0.5453125 0.015625 0.0140625
20 0.7578125 0.62890625 0.0140625 0.01171875
20 0.68515625 0.68046875 0.0140625 0.015625
20 0.178125 0.425 0.0125 0.015625
20 0.5859375 0.37109375 0.01640625 0.0140625
10 0.421875 0.31171875 0.03203125 0.015625
10 0.48203125 0.2703125 0.0125 0.03203125
10 0.68984375 0.27578125 0.015625 0.0359375
10 0.70625 0.27734375 0.015625 0.0359375
10 0.84765625 0.20546875 0.03203125 0.0140625
10 0.90703125 0.44140625 0.03046875 0.015625
10 0.77421875 0.44140625 0.03203125 0.015625
10 0.91796875 0.7109375 0.0140625 0.034375
10 0.9171875 0.8640625 0.0125 0.0359375
10 0.6375 0.83046875 0.0125 0.034375
10 0.45 0.48984375 0.0125 0.0328125
37 0.1796875 0.45078125 0.01640625 0.034375
37 0.1796875 0.58828125 0.01875 0.03203125
30 0.0609375 0.3234375 0.0203125 0.0203125
30 0.91171875 0.6046875 0.01875 0.02265625
30 0.58828125 0.6375 0.021875 0.0203125
32 0.45 0.51484375 0.0125 0.01640625
1 0.45 0.53125 0.0140625 0.01640625
1 0.68984375 0.24140625 0.015625 0.028125
27 0.65546875 0.60859375 0.015625 0.01640625
23 0.625 0.409375 0.01796875 0.0203125
23 0.765625 0.72734375 0.01875 0.021875
23 0.38046875 0.46640625 0.0203125 0.021875
5 0.1390625 0.5015625 0.0125 0.0125
5 0.87578125 0.54921875 0.01171875 0.0140625
5 0.5171875 0.72109375 0.01171875 0.0125
28 0.56640625 0.20234375 0.05 0.01015625
28 0.54765625 0.36796875 0.05 0.01171875
28 0.77734375 0.203125 0.05078125 0.00859375
28 0.77578125 0.89609375 0.07109375 0.00859375
28 0.24453125 0.68984375 0.09765625 0.00859375
14 0.11484375 0.55234375 0.09921875 0.05859375
14 0.83046875 0.4796875 0.1390625 0.05625
14 0.6390625 0.653125 0.06875 0.06484375