22 0.68359375 0.4765625 0.02109375 0.02421875
22 0.41171875 0.28828125 0.0203125 0.025
22 0.1875 0.3328125 0.02265625 0.025
22 0.41171875 0.4234375 0.02265625 0.02421875
22 0.3125 0.5828125 0.0203125 0.02265625
22 0.2 0.76484375 0.0203125 0.02421875
21 0.8859375 0.38671875 0.01640625 0.02734375
21 0.88515625 0.4484375 0.01484375 0.02734375
21 0.8859375 0.5078125 0.01875 0.02890625
21 0.15703125 0.49140625 0.01640625 0.02734375
21 0.19921875 0.5859375 0.01796875 0.025
21 0.115625 0.5859375 0.01640625 0.025
21 0.45234375 0.66484375 0.01796875 0.025
21 0.4515625 0.73125 0.01875 0.0265625
21 0.36015625 0.73125 0.01796875 0.0265625
20 0.56796875 0.45078125 0.0125 0.01796875
20 0.38125 0.3609375 0.0140625 0.0140625
20 0.38125 0.38125 0.0140625 0.01484375
20 0.29140625 0.3703125 0.01171875 0.01484375
20 0.26328125 0.55234375 0.01484375 0.0140625
20 0.2421875 0.63515625 0.0140625 0.01171875
20 0.3140625 0.68671875 0.0140625 0.01484375
20 0.81640625 0.43359375 0.0125 0.01484375
20 0.4125 0.3796875 0.01640625 0.0140625
10 0.575 0.32109375 0.03125 0.01484375
10 0.51484375 0.28046875 0.0125 0.03125
10 0.31015625 0.2859375 0.01484375 0.03515625
10 0.29375 0.2875 0.01484375 0.03515625
10 0.153125 0.215625 0.03125 0.0140625
10 0.09453125 0.45 0.03046875 0.01484375
10 0.22578125 0.45 0.03125 0.01484375
10 0.08359375 0.715625 0.0140625 0.034375
10 0.084375 0.86796875 0.0125 0.03515625
10 0.36171875 0.834375 0.0125 0.034375
10 0.546875 0.49765625 0.0125 0.0328125
37 0.8140625 0.459375 0.01640625 0.034375
37 0.8140625 0.5953125 0.01875 0.03125
30 0.93203125 0.3328125 0.0203125 0.0203125
30 0.08984375 0.6109375 0.01875 0.02265625
30 0.41015625 0.64375 0.02109375 0.0203125
32 0.546875 0.521875 0.0125 0.01640625
1 0.546875 0.53828125 0.0140625 0.01640625
1 0.31015625 0.2515625 0.01484375 0.02734375
27 0.34375 0.615625 0.01484375 0.01640625
23 0.37421875 0.41796875 0.01796875 0.0203125
23 0.23515625 0.73203125 0.01875 0.02109375
23 0.615625 0.47421875 0.0203125 0.02109375
5 0.85546875 0.50859375 0.0125 0.0125
5 0.125 0.55625 0.01171875 0.0140625
5 0.48046875 0.7265625 0.01171875 0.0125
28 0.43125 0.2125 0.04921875 0.01015625
28 0.45 0.37734375 0.04921875 0.01171875
28 0.22265625 0.21328125 0.05 0.00859375
28 0.22421875 0.9 0.0703125 0.00859375
28 0.75 0.69609375 0.096875 0.00859375
14 0.87890625 0.559375 0.0984375 0.0578125
14 0.1703125 0.4875 0.1375 0.05546875
14 0.36015625 0.659375 0.06796875 0.0640625