22 0.678125 0.50703125 0.021875 0.025
22 0.396875 0.70234375 0.02109375 0.02578125
22 0.16484375 0.65703125 0.0234375 0.02578125
22 0.396875 0.56171875 0.0234375 0.025
22 0.29375 0.396875 0.02109375 0.0234375
22 0.17734375 0.20859375 0.02109375 0.025
21 0.88828125 0.60078125 0.0171875 0.02890625
21 0.8875 0.53671875 0.015625 0.02890625
21 0.88828125 0.47421875 0.01953125 0.0296875
21 0.1328125 0.4921875 0.0171875 0.02890625
21 0.1765625 0.39453125 0.01796875 0.02578125
21 0.0890625 0.39453125 0.0171875 0.02578125
21 0.43828125 0.31171875 0.01796875 0.02578125
21 0.43828125 0.24375 0.01953125 0.02734375
21 0.34296875 0.24375 0.01796875 0.02734375
20 0.55859375 0.53359375 0.01328125 0.01796875
20 0.36484375 0.62734375 0.0140625 0.0140625
20 0.36484375 0.60546875 0.0140625 0.015625
20 0.271875 0.6171875 0.01171875 0.015625
20 0.24296875 0.42890625 0.015625 0.0140625
20 0.22109375 0.34296875 0.0140625 0.01171875
20 0.2953125 0.28984375 0.0140625 0.015625
20 0.815625 0.55234375 0.01328125 0.015625
20 0.39765625 0.6078125 0.0171875 0.0140625
10 0.565625 0.66875 0.0328125 0.015625
10 0.50390625 0.7109375 0.01328125 0.0328125
10 0.29140625 0.7046875 0.015625 0.03671875
10 0.27421875 0.70390625 0.015625 0.03671875
10 0.12890625 0.77734375 0.0328125 0.0140625
10 0.06796875 0.53515625 0.03125 0.015625
10 0.2046875 0.53515625 0.0328125 0.015625
10 0.05703125 0.259375 0.0140625 0.03515625
10 0.0578125 0.1015625 0.01328125 0.03671875
10 0.34453125 0.13671875 0.01328125 0.03515625
10 0.53671875 0.4859375 0.01328125 0.03359375
37 0.8140625 0.52578125 0.0171875 0.03515625
37 0.8140625 0.384375 0.01953125 0.0328125
30 0.9359375 0.65703125 0.02109375 0.02109375
30 0.06328125 0.36796875 0.01953125 0.0234375
30 0.39453125 0.334375 0.021875 0.02109375
32 0.53671875 0.46015625 0.01328125 0.0171875
1 0.5375 0.44296875 0.0140625 0.0171875
1 0.29140625 0.73984375 0.015625 0.02890625
27 0.3265625 0.36328125 0.015625 0.0171875
23 0.3578125 0.56796875 0.01796875 0.02109375
23 0.21328125 0.2421875 0.01953125 0.021875
23 0.60859375 0.51015625 0.02109375 0.021875
5 0.85625 0.47421875 0.01328125 0.01328125
5 0.1 0.425 0.01171875 0.0140625
5 0.46796875 0.24765625 0.01171875 0.01328125
28 0.4171875 0.78046875 0.05078125 0.01015625
28 0.43671875 0.61015625 0.05078125 0.01171875
28 0.20078125 0.7796875 0.05234375 0.009375
28 0.20234375 0.06875 0.0734375 0.009375
28 0.74765625 0.2796875 0.10078125 0.009375
14 0.88125 0.421875 0.1015625 0.06015625
14 0.146875 0.49609375 0.1421875 0.0578125
14 0.34296875 0.31796875 0.0703125 0.06640625