22 0.1875 0.7375 0.03671875 0.0265625
22 0.7046875 0.73828125 0.03671875 0.028125
22 0.4109375 0.528125 0.0375 0.028125
22 0.72578125 0.22578125 0.03671875 0.028125
22 0.22421875 0.2046875 0.03671875 0.028125
21 0.1453125 0.52734375 0.028125 0.0296875
21 0.0234375 0.52734375 0.028125 0.0296875
21 0.0234375 0.42421875 0.028125 0.028125
21 0.1453125 0.42421875 0.0296875 0.03046875
21 0.8921875 0.521875 0.028125 0.0296875
21 0.76484375 0.521875 0.028125 0.0296875
21 0.828125 0.42890625 0.0296875 0.0296875
30 0.92734375 0.55703125 0.028125 0.0296875
5 0.8953125 0.4359375 0.01953125 0.015625
14 0.6890625 0.52265625 0.11796875 0.09765625
27 0.61015625 0.51640625 0.0234375 0.01796875
23 0.50703125 0.5296875 0.03359375 0.025
10 0.67890625 0.5859375 0.0390625 0.0125
20 0.6140625 0.58828125 0.01796875 0.0140625
20 0.4703125 0.56171875 0.02265625 0.0171875
20 0.88203125 0.58828125 0.01953125 0.0171875
10 0.9609375 0.31484375 0.0171875 0.03046875
10 0.96015625 0.1328125 0.015625 0.03046875
28 0.73671875 0.07734375 0.11484375 0.01015625
10 0.4921875 0.23046875 0.015625 0.0296875
10 0.4671875 0.196875 0.015625 0.0296875
2 0.4625 0.21171875 0.0234375 0.03359375
20 0.61015625 0.36953125 0.0234375 0.0171875
28 0.2046875 0.07734375 0.10390625 0.0109375
20 0.21640625 0.3515625 0.02109375 0.0171875
20 0.2171875 0.4765625 0.02265625 0.0171875
31 0.21328125 0.43984375 0.015625 0.0140625
5 0.059375 0.45625 0.02109375 0.0171875
30 0.01640625 0.5578125 0.0265625 0.028125
10 0.0109375 0.6875 0.0171875 0.028125
20 0.221875 0.5890625 0.02109375 0.015625
10 0.0109375 0.86953125 0.0171875 0.03046875
28 0.221875 0.8890625 0.10234375 0.00859375
10 0.478125 0.834375 0.015625 0.0296875
10 0.4515625 0.825 0.015625 0.03046875
2 0.4828125 0.88125 0.0234375 0.03359375
7 0.48203125 0.85859375 0.02265625 0.02265625
28 0.7203125 0.88984375 0.12734375 0.01015625
23 0.57109375 0.7484375 0.03359375 0.0234375
37 0.9265625 0.84765625 0.0234375 0.0296875
37 0.92734375 0.665625 0.025 0.028125
33 0.92734375 0.64296875 0.02265625 0.0171875
14 0.09921875 0.37421875 0.1984375 0.0640625
28 0.415625 0.56484375 0.0515625 0.01015625