22 0.76796875 0.2859375 0.03515625 0.02578125
22 0.26328125 0.28515625 0.03515625 0.02734375
22 0.55 0.490625 0.03671875 0.02734375
22 0.24296875 0.78515625 0.03515625 0.02734375
22 0.73203125 0.80625 0.03515625 0.02734375
21 0.80859375 0.49140625 0.02734375 0.02890625
21 0.92734375 0.49140625 0.02734375 0.02890625
21 0.92734375 0.59140625 0.02734375 0.02734375
21 0.809375 0.59140625 0.02890625 0.0296875
21 0.08046875 0.496875 0.02734375 0.02890625
21 0.2046875 0.496875 0.02734375 0.02890625
21 0.14296875 0.58671875 0.02890625 0.02890625
30 0.04609375 0.4625 0.02734375 0.02890625
5 0.078125 0.5796875 0.01875 0.01484375
14 0.27890625 0.49609375 0.11484375 0.0953125
27 0.35625 0.50234375 0.0234375 0.01796875
23 0.45625 0.4890625 0.0328125 0.02421875
10 0.28828125 0.43359375 0.03828125 0.0125
20 0.3515625 0.43203125 0.01796875 0.01328125
20 0.4921875 0.4578125 0.021875 0.01640625
20 0.08984375 0.43203125 0.01875 0.01640625
10 0.01328125 0.6984375 0.01640625 0.0296875
10 0.0140625 0.87578125 0.01484375 0.0296875
28 0.23203125 0.9296875 0.11171875 0.009375
10 0.4703125 0.78046875 0.01484375 0.02890625
10 0.4953125 0.81328125 0.01484375 0.02890625
2 0.49921875 0.79921875 0.0234375 0.0328125
20 0.35625 0.64453125 0.0234375 0.01640625
28 0.7515625 0.93046875 0.10078125 0.0109375
10 0.96796875 0.89609375 0.01484375 0.0296875
10 0.96796875 0.71953125 0.01484375 0.02890625
20 0.73984375 0.6625 0.0203125 0.01640625
20 0.7390625 0.540625 0.021875 0.01640625
31 0.7421875 0.5765625 0.01484375 0.01328125
5 0.89296875 0.56015625 0.0203125 0.01640625
30 0.93515625 0.46171875 0.02578125 0.02734375
10 0.93984375 0.334375 0.01640625 0.02734375
20 0.734375 0.43125 0.0203125 0.01484375
10 0.93984375 0.15703125 0.01640625 0.0296875
28 0.734375 0.13828125 0.1 0.0078125
10 0.484375 0.1921875 0.01484375 0.02890625
10 0.51015625 0.20078125 0.01484375 0.0296875
2 0.48046875 0.14609375 0.0234375 0.0328125
7 0.48125 0.16796875 0.021875 0.021875
28 0.24765625 0.1375 0.12421875 0.009375
23 0.39375 0.275 0.0328125 0.0234375
37 0.046875 0.178125 0.0234375 0.02890625
37 0.04609375 0.35625 0.02421875 0.02734375
33 0.04609375 0.378125 0.021875 0.01640625
14 0.86796875 0.640625 0.2203125 0.0625
28 0.54609375 0.45390625 0.05078125 0.009375