22 0.25078125 0.32734375 0.034375 0.025
22 0.24453125 0.70234375 0.03359375 0.02421875
22 0.5296875 0.85 0.034375 0.025
22 0.79609375 0.85078125 0.034375 0.02421875
22 0.6515625 0.60078125 0.0359375 0.025
21 0.5 0.22109375 0.0265625 0.0265625
21 0.50078125 0.3296875 0.028125 0.028125
21 0.5015625 0.4375 0.0265625 0.0265625
21 0.65390625 0.22109375 0.025 0.0265625
21 0.65390625 0.3296875 0.028125 0.028125
21 0.6546875 0.43828125 0.0265625 0.028125
21 0.8078125 0.22109375 0.0265625 0.0265625
21 0.8078125 0.3296875 0.0265625 0.0265625
21 0.80703125 0.43828125 0.025 0.028125
21 0.7796875 0.53828125 0.0265625 0.0265625
21 0.8984375 0.53828125 0.0265625 0.028125
21 0.83984375 0.6796875 0.0265625 0.0265625
21 0.48359375 0.9828125 0.025 0.0265625
37 0.8625 0.19453125 0.034375 0.01875
37 0.9078125 0.20078125 0.02109375 0.025
17 0.9078125 0.215625 0.02109375 0.02421875
18 0.9078125 0.23359375 0.02109375 0.01875
24 0.9640625 0.215625 0.01875 0.01875
26 0.9078125 0.3515625 0.02109375 0.0203125
29 0.90234375 0.30234375 0.0265625 0.0203125
6 0.73515625 0.2703125 0.028125 0.02109375
39 0.67265625 0.2078125 0.01484375 0.0109375
25 0.6953125 0.14375 0.03359375 0.02421875
12 0.95859375 0.43046875 0.0109375 0.0375
13 0.99140625 0.47578125 0.0171875 0.015625
6 0.86875 0.51171875 0.028125 0.02109375
28 0.734375 0.525 0.01328125 0.034375
20 0.8609375 0.48671875 0.0203125 0.015625
10 0.8375 0.62109375 0.0375 0.0109375
27 0.70859375 0.61640625 0.0203125 0.01484375
27 0.5671875 0.46171875 0.02265625 0.01328125
20 0.5796875 0.46171875 0.0203125 0.01484375
20 0.596875 0.4859375 0.0203125 0.01484375
10 0.41015625 0.4640625 0.03828125 0.0109375
33 0.45625 0.49296875 0.02109375 0.0171875
33 0.4921875 0.49296875 0.02421875 0.01484375
37 0.45546875 0.5140625 0.02265625 0.025
10 0.48828125 0.5140625 0.015625 0.025
2 0.490625 0.54296875 0.02109375 0.03203125
38 0.484375 0.5640625 0.009375 0.0375
10 0.459375 0.60546875 0.01484375 0.0265625
28 0.0265625 0.5625 0.01328125 0.05078125
10 0.1078125 0.484375 0.0375 0.0109375
10 0.0546875 0.3234375 0.015625 0.028125
10 0.05546875 0.084375 0.01484375 0.028125
7 0.0578125 0.10625 0.0203125 0.0203125
2 0.05859375 0.1265625 0.02109375 0.0296875
37 0.52734375 0.19375 0.0359375 0.0171875
9 0.44296875 0.03203125 0.0375 0.0109375
13 0.4421875 0.0203125 0.02265625 0.025
10 0.42421875 0.06796875 0.034375 0.01328125
20 0.4203125 0.0703125 0.0203125 0.0171875
5 0.8890625 0.678125 0.01875 0.01484375
28 0.86796875 0.7171875 0.0453125 0.0078125
28 0.83515625 0.7328125 0.10546875 0.009375
10 0.93828125 0.74921875 0.01484375 0.0265625
23 0.65 0.75234375 0.03046875 0.02265625
10 0.459375 0.775 0.01484375 0.028125
10 0.44453125 0.8109375 0.03828125 0.0109375
20 0.38828125 0.834375 0.0203125 0.015625
10 0.028125 0.90625 0.01328125 0.028125
28 0.19765625 0.9796875 0.11875 0.009375
2 0.03125 0.6796875 0.0203125 0.03046875
10 0.02890625 0.69296875 0.01484375 0.0265625
7 0.03125 0.715625 0.0203125 0.01875
20 0.55 0.91875 0.0203125 0.01328125
0 0.58203125 0.9203125 0.01484375 0.01171875
15 0.60703125 0.91953125 0.0296875 0.01484375
10 0.93828125 0.9046875 0.01484375 0.025
16 0.98515625 0.915625 0.0109375 0.0375