22 0.83125 0.6640625 0.02265625 0.025
22 0.59609375 0.709375 0.02265625 0.02421875
22 0.596875 0.56796875 0.02109375 0.02265625
22 0.70078125 0.40234375 0.02265625 0.025
22 0.31171875 0.5140625 0.02109375 0.025
22 0.81796875 0.2125 0.02109375 0.02421875
21 0.8640625 0.49921875 0.0171875 0.028125
21 0.9078125 0.40078125 0.0171875 0.0265625
21 0.8203125 0.40078125 0.0171875 0.0265625
21 0.09765625 0.60703125 0.0171875 0.028125
21 0.09765625 0.54453125 0.0171875 0.028125
21 0.0984375 0.48125 0.01875 0.0265625
21 0.55390625 0.3171875 0.0171875 0.0265625
21 0.55390625 0.24765625 0.0171875 0.0265625
21 0.65078125 0.24765625 0.0171875 0.0265625
30 0.93359375 0.3734375 0.015625 0.02265625
5 0.896875 0.43125 0.01171875 0.01328125
20 0.75234375 0.4359375 0.01328125 0.01484375
10 0.93046875 0.5421875 0.028125 0.01328125
10 0.790625 0.54140625 0.02890625 0.01171875
14 0.853125 0.5015625 0.14296875 0.05859375
10 0.86796875 0.78515625 0.03046875 0.01328125
28 0.79453125 0.7875 0.05078125 0.0078125
10 0.721875 0.7125 0.01171875 0.034375
10 0.70390625 0.7109375 0.0109375 0.03203125
2 0.70234375 0.7453125 0.0171875 0.034375
20 0.7234375 0.625 0.01171875 0.01484375
20 0.6296875 0.63515625 0.01484375 0.01328125
20 0.62890625 0.61328125 0.01328125 0.01484375
31 0.59453125 0.6140625 0.015625 0.01328125
28 0.5546875 0.61640625 0.0515625 0.0109375
10 0.4890625 0.71953125 0.01171875 0.03046875
10 0.42421875 0.675 0.02890625 0.01328125
28 0.57578125 0.7875 0.05078125 0.0078125
20 0.4328125 0.5421875 0.01171875 0.015625
10 0.45390625 0.4921875 0.01171875 0.034375
7 0.453125 0.4640625 0.01484375 0.02109375
2 0.453125 0.44140625 0.01484375 0.034375
23 0.3828125 0.515625 0.01953125 0.02265625
20 0.1703125 0.559375 0.01171875 0.01484375
37 0.17265625 0.53203125 0.01875 0.03203125
30 0.05078125 0.6640625 0.01953125 0.0171875
5 0.1296875 0.48046875 0.01328125 0.01171875
14 0.1078125 0.4265625 0.103125 0.06484375
37 0.1734375 0.38984375 0.01953125 0.03203125
28 0.23984375 0.284375 0.10078125 0.009375
5 0.521875 0.253125 0.01171875 0.01328125
30 0.59921875 0.340625 0.02109375 0.015625
14 0.65078125 0.31640625 0.07578125 0.08125
20 0.69921875 0.29609375 0.01328125 0.01171875
27 0.66796875 0.36953125 0.01484375 0.01484375
23 0.78125 0.24765625 0.01875 0.01953125
10 0.940625 0.26328125 0.0109375 0.0328125
10 0.940625 0.10546875 0.0109375 0.0328125
10 0.65 0.140625 0.0109375 0.034375
28 0.7921875 0.07265625 0.07265625 0.009375