22 0.17890625 0.32734375 0.021875 0.02421875
22 0.40390625 0.28359375 0.021875 0.02265625
22 0.403125 0.41953125 0.0203125 0.021875
22 0.303125 0.578125 0.021875 0.02421875
22 0.6765625 0.47109375 0.0203125 0.02421875
22 0.190625 0.7609375 0.0203125 0.02265625
21 0.146875 0.48515625 0.01640625 0.0265625
21 0.1046875 0.58046875 0.01640625 0.02578125
21 0.1890625 0.58046875 0.01640625 0.02578125
21 0.88203125 0.38203125 0.01640625 0.0265625
21 0.88203125 0.4421875 0.01640625 0.0265625
21 0.88203125 0.50234375 0.01796875 0.02578125
21 0.44453125 0.66015625 0.01640625 0.02578125
21 0.44453125 0.7265625 0.01640625 0.02578125
21 0.3515625 0.7265625 0.01640625 0.02578125
30 0.08046875 0.60625 0.015625 0.021875
5 0.11484375 0.55078125 0.01171875 0.0125
20 0.2546875 0.54609375 0.0125 0.0140625
10 0.08359375 0.44375 0.0265625 0.0125
10 0.2171875 0.44453125 0.028125 0.01171875
14 0.1578125 0.48359375 0.1375 0.05625
10 0.14296875 0.2109375 0.02890625 0.0125
28 0.2140625 0.20859375 0.0484375 0.0078125
10 0.2828125 0.28125 0.01171875 0.0328125
10 0.3 0.2828125 0.01015625 0.03046875
2 0.30234375 0.24921875 0.01640625 0.0328125
20 0.28203125 0.36484375 0.01171875 0.0140625
20 0.371875 0.3546875 0.0140625 0.0125
20 0.37265625 0.37578125 0.0125 0.0140625
31 0.40546875 0.375 0.015625 0.0125
28 0.44375 0.37265625 0.05 0.01015625
10 0.50703125 0.27421875 0.01171875 0.02890625
10 0.56875 0.31640625 0.028125 0.0125
28 0.4234375 0.20859375 0.0484375 0.0078125
20 0.56015625 0.44375 0.01171875 0.015625
10 0.53984375 0.4921875 0.01171875 0.0328125
7 0.54140625 0.51875 0.0140625 0.0203125
2 0.54140625 0.540625 0.0140625 0.0328125
23 0.60859375 0.4703125 0.01875 0.021875
20 0.8125 0.428125 0.01171875 0.0140625
37 0.81015625 0.45390625 0.01796875 0.03046875
30 0.9265625 0.32734375 0.01875 0.01640625
5 0.85078125 0.503125 0.0125 0.01171875
14 0.87265625 0.55546875 0.09921875 0.0625
37 0.81015625 0.590625 0.01875 0.03046875
28 0.7453125 0.69140625 0.096875 0.00859375
5 0.475 0.72109375 0.01171875 0.0125
30 0.40078125 0.6375 0.0203125 0.015625
14 0.3515625 0.6609375 0.07265625 0.07734375
20 0.30546875 0.6796875 0.0125 0.01171875
27 0.33515625 0.61015625 0.0140625 0.0140625
23 0.2265625 0.72734375 0.01796875 0.01875
10 0.0734375 0.71171875 0.01015625 0.03203125
10 0.0734375 0.86328125 0.01015625 0.03203125
10 0.35234375 0.8296875 0.01015625 0.0328125
28 0.215625 0.8953125 0.0703125 0.00859375