22 0.41484375 0.44140625 0.0203125 0.021875
22 0.21328125 0.30234375 0.0203125 0.0234375
21 0.11875 0.87734375 0.01796875 0.02578125
21 0.23515625 0.87734375 0.015625 0.0234375
21 0.11875 0.7796875 0.01796875 0.02421875
21 0.2359375 0.7796875 0.01640625 0.02421875
21 0.11953125 0.68125 0.01640625 0.02421875
21 0.2359375 0.68125 0.01640625 0.02421875
21 0.35234375 0.7796875 0.01640625 0.02421875
21 0.35234375 0.6828125 0.01640625 0.021875
21 0.46953125 0.7796875 0.01640625 0.02421875
21 0.46953125 0.68203125 0.01640625 0.0234375
21 0.11171875 0.5671875 0.01640625 0.0234375
21 0.190625 0.5671875 0.01640625 0.0234375
21 0.30546875 0.57265625 0.01640625 0.0234375
21 0.4671875 0.1890625 0.01640625 0.02421875
37 0.07109375 0.90625 0.01796875 0.03203125
10 0.69140625 0.78828125 0.03125 0.01328125
13 0.69453125 0.83125 0.0140625 0.02734375
20 0.5828125 0.78828125 0.01328125 0.01328125
10 0.5203125 0.75703125 0.01171875 0.03125
36 0.66171875 0.5890625 0.0078125 0.13984375
36 0.87109375 0.58828125 0.009375 0.140625
20 0.5546875 0.39140625 0.01171875 0.01328125
8 0.52265625 0.31640625 0.00625 0.028125
12 0.55 0.315625 0.0078125 0.03515625
24 0.76484375 0.35546875 0.015625 0.01328125
18 0.06796875 0.8609375 0.0140625 0.01640625
17 0.06875 0.8421875 0.0140625 0.028125
26 0.06875 0.7671875 0.0140625 0.01796875
10 0.0671875 0.74453125 0.01328125 0.0296875
29 0.07421875 0.80703125 0.01640625 0.01953125
10 0.209375 0.81875 0.03125 0.01328125
6 0.17890625 0.8828125 0.01640625 0.01796875
37 0.2453125 0.91953125 0.028125 0.01796875
10 0.26015625 0.959375 0.0296875 0.01171875
13 0.26171875 0.96796875 0.0140625 0.021875
25 0.16328125 0.96796875 0.01953125 0.0203125
39 0.1578125 0.91015625 0.01015625 0.009375
20 0.284375 0.9234375 0.015625 0.0140625
28 0.1171875 0.62109375 0.04375 0.0078125
20 0.15625 0.63984375 0.01328125 0.01328125
20 0.1578125 0.61796875 0.01328125 0.0140625
13 0.02578125 0.63046875 0.02578125 0.015625
6 0.15390625 0.57265625 0.01796875 0.01796875
10 0.22421875 0.49296875 0.0296875 0.01171875
10 0.0984375 0.47421875 0.03125 0.01328125
28 0.1546875 0.47578125 0.04375 0.009375
28 0.33671875 0.5265625 0.0296875 0.00625
5 0.28515625 0.55 0.01328125 0.01015625
20 0.36171875 0.640625 0.01328125 0.01328125
20 0.3796875 0.60703125 0.01015625 0.01328125
10 0.2953125 0.6390625 0.0296875 0.01171875
7 0.32265625 0.640625 0.021875 0.015625
27 0.34765625 0.63984375 0.01328125 0.01328125
38 0.5234375 0.60078125 0.00546875 0.03359375
10 0.5203125 0.56875 0.01328125 0.028125
2 0.51796875 0.53671875 0.015625 0.0296875
33 0.5171875 0.54453125 0.01640625 0.0140625
27 0.37890625 0.51484375 0.01328125 0.0140625
23 0.4140625 0.47734375 0.01953125 0.01953125
20 0.35625 0.428125 0.01328125 0.01171875
31 0.378125 0.3921875 0.01171875 0.01640625
33 0.35625 0.365625 0.01640625 0.015625
37 0.3546875 0.34140625 0.01953125 0.0296875
28 0.3765625 0.3421875 0.00625 0.05390625
20 0.415625 0.26328125 0.01171875 0.01328125
15 0.40625 0.26328125 0.01640625 0.01328125
0 0.3828125 0.2625 0.01171875 0.01015625
10 0.32421875 0.128125 0.03359375 0.01328125
28 0.21328125 0.053125 0.07265625 0.0078125
16 0.0375 0.1734375 0.00546875 0.03515625
10 0.06796875 0.178125 0.01171875 0.03125
2 0.06953125 0.14765625 0.015625 0.0296875
7 0.06875 0.1359375 0.01640625 0.021875