22 0.62890625 0.59375 0.021875 0.0234375
22 0.84375 0.74140625 0.021875 0.025
21 0.94375 0.13046875 0.01953125 0.02734375
21 0.8203125 0.13046875 0.01640625 0.025
21 0.94375 0.234375 0.01953125 0.02578125
21 0.81953125 0.234375 0.01796875 0.02578125
21 0.94296875 0.33828125 0.01796875 0.02578125
21 0.81953125 0.33828125 0.01796875 0.02578125
21 0.69609375 0.234375 0.01796875 0.02578125
21 0.69609375 0.3375 0.01796875 0.0234375
21 0.57109375 0.234375 0.01796875 0.02578125
21 0.57109375 0.33828125 0.01796875 0.025
21 0.9515625 0.46015625 0.01796875 0.025
21 0.8671875 0.46015625 0.01796875 0.025
21 0.7453125 0.4546875 0.01796875 0.025
21 0.5734375 0.86171875 0.01796875 0.02578125
37 0.9921875 0.09921875 0.01484375 0.034375
10 0.33515625 0.225 0.0328125 0.0140625
13 0.33203125 0.17890625 0.01484375 0.02890625
20 0.45078125 0.225 0.0140625 0.0140625
10 0.5171875 0.25859375 0.0125 0.0328125
36 0.36640625 0.43671875 0.00859375 0.1484375
36 0.14375 0.4375 0.009375 0.15
20 0.48046875 0.646875 0.0125 0.0140625
8 0.5140625 0.7265625 0.00703125 0.03046875
12 0.48515625 0.72734375 0.00859375 0.03671875
24 0.25703125 0.68515625 0.01640625 0.0140625
18 0.9953125 0.14765625 0.009375 0.01796875
17 0.99453125 0.16796875 0.0109375 0.03046875
26 0.99453125 0.246875 0.0109375 0.01953125
10 0.99609375 0.2703125 0.0078125 0.03125
29 0.99140625 0.20546875 0.0171875 0.0203125
10 0.84765625 0.1921875 0.0328125 0.0140625
6 0.8796875 0.125 0.01796875 0.01953125
37 0.809375 0.08515625 0.03046875 0.01953125
10 0.79296875 0.04296875 0.03125 0.0125
13 0.7921875 0.03359375 0.01484375 0.0234375
25 0.89609375 0.034375 0.0203125 0.021875
39 0.90234375 0.0953125 0.0109375 0.009375
20 0.76796875 0.08203125 0.01640625 0.01484375
28 0.9453125 0.40234375 0.046875 0.00859375
20 0.90390625 0.38359375 0.0140625 0.0140625
20 0.90234375 0.40625 0.0140625 0.01484375
6 0.90625 0.4546875 0.01953125 0.01953125
10 0.83203125 0.5390625 0.03125 0.0125
10 0.965625 0.559375 0.0328125 0.0140625
28 0.90546875 0.55703125 0.046875 0.009375
28 0.7125 0.503125 0.03125 0.00703125
5 0.76640625 0.478125 0.0140625 0.0109375
20 0.68515625 0.38203125 0.0140625 0.0140625
20 0.66640625 0.41796875 0.0109375 0.0140625
10 0.75625 0.38359375 0.03125 0.0125
7 0.72734375 0.38203125 0.0234375 0.01640625
27 0.70078125 0.38359375 0.0140625 0.0140625
38 0.5140625 0.42421875 0.00546875 0.0359375
10 0.51640625 0.45859375 0.0140625 0.03046875
2 0.51953125 0.4921875 0.01640625 0.03125
33 0.51953125 0.484375 0.01796875 0.01484375
27 0.66796875 0.515625 0.0140625 0.01484375
23 0.6296875 0.55546875 0.0203125 0.0203125
20 0.690625 0.6078125 0.0140625 0.0125
31 0.66796875 0.64609375 0.0125 0.01796875
33 0.69140625 0.67421875 0.01796875 0.01640625
37 0.69296875 0.7 0.0203125 0.03125
28 0.66953125 0.69921875 0.00703125 0.0578125
20 0.628125 0.7828125 0.0125 0.0140625
15 0.63828125 0.7828125 0.01796875 0.0140625
0 0.6625 0.784375 0.0125 0.0109375
10 0.725 0.92734375 0.0359375 0.0140625
10 0.99609375 0.87265625 0.0078125 0.0328125
2 0.99375 0.90625 0.0125 0.03125
7 0.99375 0.91796875 0.0125 0.0234375