22 0.58515625 0.5171875 0.0390625 0.03203125
22 0.14765625 0.5546875 0.040625 0.03359375
22 0.5859375 0.16328125 0.040625 0.03203125
21 0.58671875 0.884375 0.03046875 0.0375
21 0.58515625 0.746875 0.028125 0.03359375
20 0.57890625 0.68203125 0.0265625 0.02265625
20 0.3140625 0.58125 0.0234375 0.028125
20 0.2765625 0.71171875 0.0234375 0.0171875
31 0.2765625 0.7125 0.0296875 0.0296875
10 0.68125 0.6828125 0.06015625 0.0234375
10 0.78828125 0.45234375 0.02265625 0.05078125
10 0.7875 0.2453125 0.0234375 0.05078125
10 0.3140625 0.36796875 0.02265625 0.0515625
10 0.3859375 0.16015625 0.0234375 0.0546875
30 0.71875 0.9203125 0.028125 0.03359375
32 0.38828125 0.20078125 0.03046875 0.0296875
2 0.3890625 0.23359375 0.03671875 0.04765625
23 0.4765625 0.4828125 0.03671875 0.0296875
23 0.0765625 0.628125 0.03515625 0.0296875
28 0.0109375 0.65859375 0.0171875 0.078125
28 0.68203125 0.68671875 0.0953125 0.0125
5 0.50234375 0.86796875 0.0234375 0.01796875
14 0.665625 0.75 0.14140625 0.09921875