22 0.63671875 0.4203125 0.03828125 0.03125
22 0.209375 0.38359375 0.03984375 0.0328125
22 0.6375 0.765625 0.03984375 0.03125
21 0.63828125 0.0625 0.0296875 0.03671875
21 0.63671875 0.196875 0.02734375 0.0328125
20 0.63046875 0.259375 0.02578125 0.021875
20 0.37265625 0.3578125 0.0234375 0.02734375
20 0.33515625 0.23125 0.0234375 0.01640625
31 0.33515625 0.23046875 0.02890625 0.02890625
10 0.73046875 0.25859375 0.05859375 0.0234375
10 0.834375 0.48359375 0.021875 0.04921875
10 0.834375 0.6859375 0.0234375 0.04921875
10 0.371875 0.56640625 0.021875 0.05078125
10 0.4421875 0.76875 0.0234375 0.053125
30 0.76640625 0.02734375 0.02734375 0.0328125
32 0.44375 0.72890625 0.0296875 0.02890625
2 0.4453125 0.696875 0.03515625 0.04609375
23 0.5296875 0.45390625 0.03515625 0.02890625
23 0.13984375 0.3125 0.034375 0.02890625
28 0.0765625 0.2828125 0.01640625 0.0765625
28 0.63828125 0.9296875 0.10625 0.0125
28 0.73125 0.2546875 0.09296875 0.0125
5 0.55546875 0.07890625 0.0234375 0.01796875
14 0.71484375 0.19296875 0.13828125 0.096875