22 0.64140625 0.54765625 0.03671875 0.0296875
22 0.2359375 0.58203125 0.0375 0.03125
22 0.6421875 0.21875 0.0375 0.0296875
21 0.64296875 0.8875 0.02890625 0.03515625
21 0.64140625 0.759375 0.02578125 0.03125
20 0.6359375 0.7 0.025 0.02109375
20 0.390625 0.60625 0.021875 0.02578125
20 0.35546875 0.72734375 0.021875 0.015625
31 0.35546875 0.728125 0.02734375 0.02734375
10 0.73046875 0.70078125 0.05546875 0.021875
10 0.8296875 0.48671875 0.02109375 0.046875
10 0.82890625 0.29453125 0.021875 0.046875
10 0.38984375 0.40859375 0.02109375 0.0484375
10 0.45625 0.21640625 0.021875 0.05078125
30 0.76484375 0.92109375 0.02578125 0.03125
32 0.45859375 0.25390625 0.02890625 0.02734375
2 0.459375 0.284375 0.03359375 0.04453125
23 0.540625 0.51484375 0.03359375 0.02734375
23 0.16953125 0.65 0.0328125 0.02734375
28 0.109375 0.678125 0.015625 0.07265625
28 0.64296875 0.06328125 0.1015625 0.01171875
28 0.73125 0.7046875 0.08828125 0.01171875
5 0.5640625 0.871875 0.021875 0.0171875
14 0.71640625 0.76328125 0.13125 0.0921875