22 0.4234375 0.1578125 0.0171875 0.0234375
22 0.20390625 0.33046875 0.0171875 0.0234375
22 0.4859375 0.3359375 0.0171875 0.0234375
22 0.6328125 0.428125 0.0171875 0.0234375
22 0.83984375 0.69140625 0.015625 0.0234375
22 0.6421875 0.7765625 0.0171875 0.02265625
22 0.44140625 0.78828125 0.0171875 0.02265625
21 0.4203125 0.43046875 0.01328125 0.0265625
21 0.35390625 0.51640625 0.01171875 0.025
21 0.4203125 0.51640625 0.01328125 0.025
21 0.353125 0.603125 0.01328125 0.025
21 0.4203125 0.603125 0.0140625 0.025
30 0.33515625 0.4890625 0.01953125 0.0171875
20 0.45703125 0.471875 0.009375 0.01171875
10 0.38984375 0.64921875 0.01875 0.01015625
5 0.38671875 0.5875 0.009375 0.01171875
20 0.4578125 0.6375 0.01015625 0.01328125
14 0.346875 0.428125 0.04609375 0.0921875
10 0.27109375 0.48828125 0.0171875 0.01015625
20 0.36953125 0.37109375 0.01171875 0.01171875
23 0.4859375 0.42421875 0.015625 0.01953125
31 0.553125 0.3890625 0.009375 0.009375
28 0.63359375 0.3875 0.0390625 0.009375
20 0.4578125 0.28046875 0.01328125 0.01328125
10 0.43828125 0.28203125 0.01875 0.01015625
27 0.71796875 0.51640625 0.01015625 0.0140625
20 0.71796875 0.5296875 0.01015625 0.01171875
23 0.68359375 0.55703125 0.015625 0.01953125
20 0.73359375 0.62265625 0.01015625 0.0140625
30 0.7890625 0.3953125 0.015625 0.025
28 0.20390625 0.52421875 0.03828125 0.009375
21 0.79296875 0.46796875 0.0140625 0.025
21 0.8625 0.46875 0.0140625 0.0234375
21 0.9328125 0.46875 0.01328125 0.0234375
14 0.75234375 0.4359375 0.05 0.1078125
5 0.8828125 0.428125 0.009375 0.01171875
20 0.890625 0.54296875 0.01171875 0.01328125
37 0.94609375 0.6171875 0.01328125 0.02734375
28 0.84609375 0.84453125 0.06015625 0.009375
28 0.63828125 0.84375 0.02734375 0.0078125
10 0.76796875 0.8421875 0.01875 0.01015625
10 0.553125 0.85859375 0.009375 0.0234375
10 0.553125 0.71015625 0.009375 0.0234375
10 0.73125 0.69609375 0.009375 0.025
7 0.7328125 0.6796875 0.009375 0.01875
2 0.73359375 0.7203125 0.01015625 0.0265625
20 0.7328125 0.7671875 0.01171875 0.01171875
37 0.94609375 0.75859375 0.01328125 0.0234375
33 0.94609375 0.77890625 0.01015625 0.0140625
10 0.51484375 0.053125 0.009375 0.025
2 0.5140625 0.06484375 0.01015625 0.02734375
28 0.4234375 0.03046875 0.0515625 0.009375
10 0.3296875 0.08359375 0.0078125 0.025
10 0.3296875 0.23125 0.0078125 0.025
10 0.271875 0.1734375 0.01875 0.01015625
28 0.20390625 0.171875 0.0328125 0.0078125
10 0.07421875 0.25625 0.00625 0.025
10 0.0734375 0.40390625 0.0078125 0.0234375
9 0.3296875 0.87734375 0.009375 0.025
28 0.44140625 0.92890625 0.0671875 0.0078125
10 0.71953125 0.725 0.00625 0.025