22 0.56875 0.890625 0.01796875 0.025
22 0.79921875 0.70859375 0.01796875 0.025
22 0.50234375 0.703125 0.01796875 0.025
22 0.34765625 0.60625 0.01796875 0.025
22 0.1296875 0.32890625 0.01640625 0.025
22 0.3375 0.23984375 0.01796875 0.0234375
22 0.54921875 0.22734375 0.01796875 0.0234375
21 0.571875 0.60390625 0.0140625 0.02734375
21 0.64140625 0.51328125 0.0125 0.0265625
21 0.571875 0.51328125 0.0140625 0.0265625
21 0.6421875 0.421875 0.0140625 0.0265625
21 0.57109375 0.421875 0.01484375 0.0265625
30 0.6609375 0.5421875 0.02109375 0.01796875
20 0.5328125 0.56015625 0.009375 0.0125
10 0.60390625 0.37265625 0.01953125 0.0109375
5 0.60703125 0.43828125 0.009375 0.0125
20 0.53203125 0.38515625 0.0109375 0.0140625
14 0.6484375 0.60625 0.0484375 0.096875
10 0.72890625 0.54296875 0.01796875 0.0109375
20 0.625 0.66640625 0.0125 0.0125
23 0.503125 0.61015625 0.01640625 0.02109375
31 0.43125 0.646875 0.009375 0.009375
28 0.346875 0.6484375 0.04140625 0.009375
20 0.53203125 0.7609375 0.0140625 0.0140625
10 0.55234375 0.759375 0.01953125 0.0109375
27 0.25859375 0.51328125 0.0109375 0.01484375
20 0.25859375 0.49921875 0.0109375 0.0125
23 0.29453125 0.4703125 0.01640625 0.02109375
20 0.24140625 0.4015625 0.0109375 0.01484375
30 0.18359375 0.63984375 0.01640625 0.0265625
28 0.79921875 0.5046875 0.03984375 0.009375
21 0.17890625 0.5640625 0.01484375 0.0265625
21 0.10546875 0.56328125 0.01484375 0.025
21 0.03203125 0.56328125 0.0140625 0.025
14 0.22265625 0.5984375 0.05234375 0.11328125
5 0.08515625 0.60546875 0.009375 0.0125
20 0.0765625 0.48515625 0.0125 0.0140625
37 0.01796875 0.40703125 0.0140625 0.02890625
28 0.12265625 0.16796875 0.06328125 0.009375
28 0.3421875 0.16875 0.02890625 0.00859375
10 0.20546875 0.16953125 0.01953125 0.0109375
10 0.43125 0.153125 0.009375 0.025
10 0.43125 0.309375 0.009375 0.025
10 0.24375 0.32421875 0.009375 0.0265625
7 0.2421875 0.34140625 0.009375 0.01953125
2 0.24140625 0.2984375 0.0109375 0.02734375
20 0.2421875 0.24921875 0.0125 0.0125
37 0.01796875 0.25859375 0.0140625 0.025
33 0.01796875 0.23671875 0.0109375 0.01484375
10 0.471875 0.99375 0.009375 0.0125
2 0.47265625 0.98671875 0.0109375 0.0265625
10 0.6671875 0.96875 0.00859375 0.0265625
10 0.6671875 0.8125 0.00859375 0.0265625
10 0.728125 0.87421875 0.01953125 0.0109375
28 0.79921875 0.87578125 0.034375 0.00859375
10 0.9359375 0.78671875 0.00703125 0.0265625
10 0.93671875 0.63125 0.00859375 0.025
9 0.66640625 0.13359375 0.009375 0.0265625
28 0.54921875 0.07890625 0.0703125 0.00859375
10 0.25625 0.29375 0.00703125 0.0265625