22 0.4546875 0.14765625 0.0171875 0.0234375
22 0.234375 0.321875 0.0171875 0.0234375
22 0.51796875 0.32734375 0.0171875 0.0234375
22 0.665625 0.41953125 0.0171875 0.0234375
22 0.8734375 0.684375 0.015625 0.0234375
22 0.675 0.76953125 0.0171875 0.02265625
22 0.47265625 0.78203125 0.0171875 0.02265625
21 0.4515625 0.421875 0.01328125 0.0265625
21 0.384375 0.50859375 0.01171875 0.025
21 0.4515625 0.50859375 0.01328125 0.025
21 0.38359375 0.5953125 0.01328125 0.025
21 0.4515625 0.5953125 0.01484375 0.025
30 0.36640625 0.48125 0.01953125 0.0171875
20 0.4890625 0.4640625 0.009375 0.01171875
10 0.42109375 0.6421875 0.01875 0.0109375
5 0.4171875 0.5796875 0.009375 0.01171875
20 0.4890625 0.63046875 0.0109375 0.01328125
14 0.378125 0.41953125 0.04609375 0.0921875
10 0.3015625 0.48046875 0.0171875 0.0109375
20 0.40078125 0.3625 0.01171875 0.01171875
23 0.5171875 0.41640625 0.015625 0.01953125
31 0.58515625 0.38046875 0.009375 0.009375
28 0.66640625 0.37890625 0.03984375 0.009375
20 0.4890625 0.271875 0.01328125 0.01328125
10 0.46953125 0.2734375 0.01875 0.0109375
27 0.75078125 0.50859375 0.0109375 0.01484375
20 0.75078125 0.521875 0.0109375 0.01171875
23 0.71640625 0.54921875 0.015625 0.01953125
20 0.76640625 0.615625 0.0109375 0.01484375
30 0.821875 0.3875 0.015625 0.025
28 0.234375 0.51640625 0.03828125 0.009375
21 0.8265625 0.459375 0.01484375 0.025
21 0.89609375 0.46015625 0.01484375 0.0234375
21 0.9671875 0.46015625 0.01328125 0.0234375
14 0.78515625 0.42734375 0.05 0.1078125
5 0.91640625 0.4203125 0.009375 0.01171875
20 0.92421875 0.5359375 0.01171875 0.01328125
37 0.98046875 0.61015625 0.01328125 0.02734375
28 0.8796875 0.83828125 0.0609375 0.009375
28 0.67109375 0.8375 0.02734375 0.0078125
10 0.80078125 0.83671875 0.01875 0.0109375
10 0.58515625 0.85234375 0.009375 0.0234375
10 0.58515625 0.703125 0.009375 0.0234375
10 0.76484375 0.6890625 0.009375 0.025
7 0.765625 0.67265625 0.009375 0.01875
2 0.76640625 0.7140625 0.0109375 0.0265625
20 0.765625 0.7609375 0.01171875 0.01171875
37 0.98046875 0.75234375 0.01328125 0.0234375
33 0.98046875 0.77265625 0.0109375 0.01484375
10 0.546875 0.04296875 0.009375 0.025
2 0.54609375 0.0546875 0.0109375 0.02734375
28 0.4546875 0.0203125 0.0515625 0.009375
10 0.36015625 0.0734375 0.0078125 0.025
10 0.36015625 0.22265625 0.0078125 0.025
10 0.30234375 0.16328125 0.01875 0.0109375
28 0.234375 0.1625 0.0328125 0.0078125
10 0.10390625 0.24765625 0.00625 0.025
10 0.103125 0.39609375 0.0078125 0.0234375
9 0.3609375 0.87109375 0.009375 0.025
28 0.47265625 0.9234375 0.0671875 0.0078125
10 0.75234375 0.71796875 0.00625 0.025