22 0.6578125 0.6046875 0.01796875 0.02265625
22 0.8828125 0.671875 0.01796875 0.0234375
21 0.50703125 0.66875 0.0140625 0.0234375
21 0.5703125 0.66796875 0.0171875 0.025
21 0.53828125 0.740625 0.015625 0.028125
21 0.63671875 0.72890625 0.015625 0.0265625
21 0.76484375 0.72890625 0.0140625 0.0265625
20 0.59765625 0.70390625 0.0140625 0.015625
20 0.79296875 0.68984375 0.0109375 0.015625
20 0.75546875 0.678125 0.015625 0.0140625
31 0.77734375 0.5703125 0.00859375 0.0171875
31 0.79140625 0.55078125 0.00859375 0.0125
10 0.9765625 0.746875 0.00859375 0.0234375
10 0.9765625 0.59609375 0.00859375 0.0265625
10 0.79140625 0.56875 0.0109375 0.01953125
10 0.746875 0.81328125 0.01953125 0.01015625
30 0.45546875 0.6546875 0.0171875 0.0234375
2 0.79453125 0.59609375 0.015625 0.0296875
14 0.5375 0.6109375 0.07578125 0.06171875
28 0.753125 0.52734375 0.04375 0.01015625
28 0.8828125 0.528125 0.0375 0.0109375
28 0.821875 0.8390625 0.0390625 0.00859375
23 0.759375 0.65078125 0.0171875 0.02109375
23 0.69453125 0.72734375 0.0171875 0.02109375
5 0.53828125 0.7015625 0.01015625 0.0140625