22 0.4015625 0.55234375 0.01640625 0.0203125
22 0.20078125 0.61171875 0.01640625 0.02109375
21 0.5359375 0.609375 0.0125 0.02109375
21 0.4796875 0.60859375 0.01484375 0.02265625
21 0.5078125 0.6734375 0.0140625 0.025
21 0.4203125 0.66328125 0.0140625 0.0234375
21 0.30625 0.66328125 0.0125 0.0234375
20 0.4546875 0.640625 0.0125 0.0140625
20 0.28125 0.628125 0.01015625 0.0140625
20 0.3140625 0.6171875 0.0140625 0.0125
31 0.2953125 0.52109375 0.0078125 0.01484375
31 0.2828125 0.5046875 0.0078125 0.0109375
10 0.1171875 0.6796875 0.0078125 0.02109375
10 0.1171875 0.54453125 0.0078125 0.0234375
10 0.2828125 0.5203125 0.01015625 0.0171875
10 0.32265625 0.73828125 0.0171875 0.00859375
30 0.5828125 0.596875 0.01484375 0.02109375
2 0.2796875 0.54453125 0.0140625 0.0265625
14 0.50859375 0.5578125 0.0671875 0.0546875
28 0.3171875 0.4828125 0.0390625 0.00859375
28 0.20078125 0.48359375 0.03359375 0.01015625
28 0.2546875 0.7609375 0.03515625 0.0078125
23 0.3109375 0.59296875 0.01484375 0.01875
23 0.36875 0.66171875 0.01484375 0.01875
5 0.5078125 0.6390625 0.00859375 0.0125