22 0.384375 0.41171875 0.0171875 0.02109375
22 0.1703125 0.3484375 0.0171875 0.02265625
21 0.528125 0.3515625 0.01328125 0.02265625
21 0.46796875 0.35234375 0.015625 0.02421875
21 0.49765625 0.2828125 0.01484375 0.0265625
21 0.4046875 0.29375 0.01484375 0.025
21 0.2828125 0.29375 0.01328125 0.025
20 0.44140625 0.31796875 0.01328125 0.01484375
20 0.25625 0.33125 0.0109375 0.01484375
20 0.29140625 0.34296875 0.01484375 0.01328125
31 0.2703125 0.4453125 0.0078125 0.015625
31 0.25703125 0.46328125 0.0078125 0.01171875
10 0.08125 0.2765625 0.0078125 0.02265625
10 0.08125 0.4203125 0.0078125 0.025
10 0.25703125 0.446875 0.0109375 0.01875
10 0.3 0.2140625 0.01875 0.009375
30 0.57734375 0.36484375 0.015625 0.02265625
2 0.25390625 0.4203125 0.01484375 0.028125
14 0.4984375 0.40703125 0.071875 0.05859375
28 0.29375 0.4859375 0.04140625 0.009375
28 0.1703125 0.48515625 0.0359375 0.0109375
28 0.228125 0.1890625 0.0375 0.0078125
23 0.28828125 0.36875 0.015625 0.0203125
23 0.34921875 0.2953125 0.015625 0.0203125
5 0.49765625 0.3203125 0.009375 0.01328125