22 0.4203125 0.90234375 0.01796875 0.0265625
22 0.19140625 0.71875 0.01796875 0.0265625
22 0.48671875 0.7140625 0.01796875 0.025
22 0.64140625 0.61640625 0.01796875 0.025
22 0.8578125 0.3359375 0.01640625 0.025
22 0.6515625 0.246875 0.01796875 0.0234375
22 0.440625 0.23359375 0.01640625 0.025
21 0.95546875 0.57265625 0.0140625 0.0265625
21 0.8828125 0.57265625 0.0140625 0.0265625
21 0.809375 0.57265625 0.0140625 0.0265625
21 0.41875 0.6140625 0.0140625 0.0265625
21 0.34765625 0.52265625 0.0125 0.0265625
21 0.41875 0.52265625 0.0140625 0.0265625
21 0.41953125 0.43046875 0.01484375 0.0265625
21 0.3484375 0.43046875 0.0140625 0.0265625
10 0.3234375 0.98046875 0.00859375 0.025
2 0.5171875 0.98515625 0.0125 0.02890625
10 0.3234375 0.82421875 0.00859375 0.025
10 0.2625 0.88671875 0.01953125 0.0109375
28 0.1921875 0.8875 0.0359375 0.009375
10 0.05546875 0.796875 0.00859375 0.025
10 0.29765625 0.7875 0.009375 0.02734375
20 0.36640625 0.6765625 0.0109375 0.0140625
20 0.4578125 0.77265625 0.0125 0.0125
10 0.4375 0.77109375 0.01796875 0.0109375
31 0.55703125 0.6578125 0.009375 0.0109375
28 0.6421875 0.65859375 0.04140625 0.00859375
23 0.4859375 0.6203125 0.01640625 0.021875
20 0.45703125 0.5703125 0.0109375 0.0140625
14 0.3421875 0.61640625 0.0453125 0.096875
30 0.32890625 0.54765625 0.01640625 0.01796875
10 0.2625 0.55078125 0.01953125 0.0109375
28 0.19140625 0.51484375 0.03984375 0.009375
10 0.05546875 0.63984375 0.00859375 0.025
5 0.3828125 0.446875 0.0109375 0.0125
20 0.73046875 0.5078125 0.0109375 0.0125
27 0.73046875 0.52265625 0.0109375 0.01484375
23 0.69453125 0.47890625 0.01640625 0.021875
20 0.746875 0.40859375 0.009375 0.0140625
20 0.9109375 0.49296875 0.01484375 0.0140625
37 0.96953125 0.46171875 0.0140625 0.0265625
37 0.9703125 0.31171875 0.0125 0.0265625
33 0.9703125 0.29140625 0.0125 0.0140625
28 0.86484375 0.17578125 0.06328125 0.00859375
10 0.7828125 0.17578125 0.01796875 0.009375
28 0.646875 0.17578125 0.02890625 0.00859375
20 0.746875 0.25546875 0.009375 0.0140625
10 0.73203125 0.30078125 0.00859375 0.0265625
7 0.746875 0.3546875 0.009375 0.01953125
2 0.746875 0.31953125 0.0125 0.02890625
10 0.7453125 0.3328125 0.009375 0.025
10 0.5578125 0.3125 0.00859375 0.025
20 0.45625 0.39375 0.009375 0.0140625
10 0.384375 0.38046875 0.02109375 0.0125
10 0.5578125 0.15390625 0.00859375 0.0265625
28 0.440625 0.084375 0.06875 0.00859375
10 0.3234375 0.1390625 0.00859375 0.0265625
30 0.8046875 0.65 0.01484375 0.0265625
5 0.90234375 0.61484375 0.009375 0.0140625
14 0.76484375 0.60859375 0.0484375 0.11171875