22 0.44609375 0.86640625 0.0171875 0.02578125
22 0.2234375 0.68828125 0.0171875 0.02578125
22 0.51015625 0.68359375 0.0171875 0.02421875
22 0.66015625 0.58828125 0.0171875 0.02421875
22 0.8703125 0.31640625 0.01640625 0.02421875
22 0.66953125 0.2296875 0.0171875 0.02265625
22 0.46484375 0.2171875 0.01640625 0.02421875
21 0.96484375 0.54609375 0.01328125 0.02578125
21 0.89375 0.54609375 0.01328125 0.02578125
21 0.8234375 0.54609375 0.01328125 0.02578125
21 0.44375 0.58671875 0.01328125 0.02578125
21 0.375 0.49765625 0.01171875 0.02578125
21 0.44375 0.49765625 0.01328125 0.02578125
21 0.44453125 0.4078125 0.01484375 0.02578125
21 0.375 0.4078125 0.01328125 0.02578125
28 0.44609375 0.99609375 0.05078125 0.0078125
10 0.3515625 0.9421875 0.0078125 0.02421875
10 0.54140625 0.97421875 0.0078125 0.02265625
2 0.53984375 0.946875 0.01171875 0.028125
10 0.3515625 0.790625 0.0078125 0.02421875
10 0.2921875 0.8515625 0.01875 0.0109375
28 0.22421875 0.8515625 0.03515625 0.009375
10 0.09140625 0.7640625 0.0078125 0.02421875
10 0.3265625 0.7546875 0.009375 0.0265625
20 0.39296875 0.64765625 0.0109375 0.01328125
20 0.48203125 0.740625 0.01171875 0.01171875
10 0.46171875 0.73828125 0.0171875 0.0109375
31 0.578125 0.62890625 0.009375 0.0109375
28 0.6609375 0.6296875 0.03984375 0.0078125
23 0.509375 0.5921875 0.01640625 0.02109375
20 0.48125 0.54453125 0.0109375 0.01328125
14 0.36953125 0.58828125 0.04453125 0.09375
30 0.35625 0.521875 0.01640625 0.0171875
10 0.2921875 0.52578125 0.01875 0.0109375
28 0.2234375 0.48984375 0.0390625 0.009375
10 0.09140625 0.6109375 0.0078125 0.02421875
5 0.40859375 0.42421875 0.0109375 0.01171875
20 0.746875 0.48359375 0.0109375 0.01171875
27 0.746875 0.49765625 0.0109375 0.01484375
23 0.71171875 0.45546875 0.01640625 0.02109375
20 0.76171875 0.3875 0.009375 0.01328125
20 0.921875 0.46953125 0.01484375 0.01328125
37 0.97890625 0.4390625 0.01328125 0.02578125
37 0.97890625 0.29296875 0.01171875 0.02578125
33 0.97890625 0.2734375 0.01171875 0.01328125
28 0.8765625 0.1609375 0.06171875 0.0078125
10 0.796875 0.16171875 0.0171875 0.009375
28 0.665625 0.1609375 0.028125 0.0078125
20 0.76171875 0.23828125 0.009375 0.01328125
10 0.74765625 0.28203125 0.0078125 0.02578125
7 0.76171875 0.33515625 0.009375 0.01875
2 0.76171875 0.30078125 0.01171875 0.028125
10 0.7609375 0.3140625 0.009375 0.02421875
10 0.57890625 0.29375 0.0078125 0.02421875
20 0.48046875 0.37265625 0.009375 0.01328125
10 0.4109375 0.36015625 0.0203125 0.01171875
10 0.57890625 0.13984375 0.0078125 0.02578125
28 0.46484375 0.07265625 0.0671875 0.0078125
10 0.3515625 0.125 0.0078125 0.02578125
30 0.81875 0.62109375 0.01484375 0.02578125
5 0.91328125 0.5875 0.009375 0.01328125
14 0.7796875 0.58125 0.046875 0.10859375