22 0.48359375 0.82421875 0.01875 0.0234375
22 0.6265625 0.69609375 0.01796875 0.0234375
22 0.7421875 0.540625 0.01796875 0.0234375
22 0.70625 0.33515625 0.01875 0.0234375
22 0.903125 0.59921875 0.01875 0.0234375
21 0.70703125 0.0625 0.01484375 0.02421875
21 0.790625 0.14375 0.01328125 0.02421875
21 0.62265625 0.14375 0.01484375 0.02578125
21 0.54296875 0.0484375 0.01484375 0.02578125
21 0.54296875 0.1390625 0.01484375 0.02421875
21 0.54296875 0.23046875 0.0125 0.02578125
21 0.54296875 0.3203125 0.0125 0.02578125
27 0.56015625 0.33046875 0.0109375 0.01328125
20 0.56015625 0.30859375 0.0109375 0.01328125
10 0.5875 0.37421875 0.0078125 0.02421875
10 0.60625 0.00546875 0.0203125 0.0078125
10 0.60625 0.0375 0.0203125 0.009375
20 0.603125 0.040625 0.009375 0.01484375
21 0.70703125 0.225 0.01484375 0.02578125
10 0.80703125 0.27265625 0.009375 0.02578125
13 0.85390625 0.32890625 0.0109375 0.02578125
10 0.9921875 0.371875 0.01484375 0.0109375
19 0.99765625 0.51015625 0.00390625 0.01484375
19 0.99765625 0.6875 0.00390625 0.01328125
37 0.7953125 0.69296875 0.01328125 0.02578125
28 0.7796875 0.66953125 0.00703125 0.06015625
19 0.7984375 0.59921875 0.0203125 0.01484375
27 0.7734375 0.46328125 0.0109375 0.01328125
20 0.82265625 0.45390625 0.0109375 0.0109375
20 0.70546875 0.44140625 0.009375 0.0109375
33 0.79375 0.47578125 0.0109375 0.0125
37 0.79375 0.49453125 0.0109375 0.02421875
20 0.79296875 0.74765625 0.009375 0.01328125
0 0.77578125 0.825 0.0078125 0.0109375
31 0.76640625 0.825 0.0078125 0.0109375
20 0.76171875 0.825 0.009375 0.01328125
28 0.90625 0.90234375 0.05859375 0.009375
21 0.69375 0.89921875 0.01328125 0.02421875
10 0.58046875 0.91171875 0.01875 0.009375
15 0.6203125 0.82421875 0.01328125 0.01484375
10 0.3828125 0.91171875 0.01875 0.009375
16 0.34375 0.89375 0.00390625 0.03671875
10 0.3828125 0.73671875 0.01875 0.0125
2 0.40234375 0.7390625 0.0234375 0.01328125
28 0.4140625 0.7203125 0.02421875 0.00703125
28 0.46015625 0.73671875 0.05703125 0.0078125
20 0.54609375 0.7390625 0.0109375 0.01328125
21 0.3015625 0.5390625 0.01640625 0.02578125
21 0.43359375 0.53828125 0.0125 0.02421875
21 0.51328125 0.5390625 0.01328125 0.02578125
21 0.5140625 0.43828125 0.01484375 0.02421875
21 0.434375 0.4359375 0.01328125 0.02421875
8 0.365625 0.390625 0.00703125 0.0296875
12 0.34296875 0.390625 0.00546875 0.03515625
20 0.3390625 0.44921875 0.0109375 0.01328125
33 0.36796875 0.44921875 0.009375 0.01328125
2 0.36875 0.4296875 0.0109375 0.02890625
38 0.3796875 0.36875 0.02421875 0.0078125
10 0.36640625 0.4671875 0.0078125 0.021875
6 0.39609375 0.53359375 0.01328125 0.0203125
20 0.4390625 0.57734375 0.0125 0.0125
21 0.428125 0.32109375 0.01484375 0.02421875
20 0.4640625 0.37265625 0.0125 0.01484375
37 0.5390625 0.37265625 0.01796875 0.01484375
6 0.52578125 0.3734375 0.0109375 0.01484375
23 0.68515625 0.659375 0.01484375 0.0203125
20 0.4765625 0.640625 0.0109375 0.0109375
21 0.38515625 0.66015625 0.01328125 0.02421875
21 0.44296875 0.66015625 0.01484375 0.02421875
5 0.4140625 0.65859375 0.0078125 0.0109375
21 0.42734375 0.23046875 0.01328125 0.02578125
39 0.37734375 0.17890625 0.009375 0.0109375
37 0.36875 0.27265625 0.0109375 0.0234375
10 0.49453125 0.10625 0.01875 0.009375
29 0.48359375 0.1796875 0.01328125 0.01796875
21 0.428125 0.1390625 0.01484375 0.02421875
21 0.428125 0.04765625 0.01484375 0.02421875
6 0.48359375 0.0421875 0.01328125 0.01875
37 0.36875 0.08828125 0.0109375 0.0234375
13 0.215625 0.01328125 0.0109375 0.02578125
20 0.2328125 0.05703125 0.009375 0.01484375
10 0.21484375 0.05625 0.0234375 0.01328125
36 0.25625 0.25703125 0.00703125 0.1421875
36 0.09921875 0.25703125 0.00703125 0.1390625
24 0.1796875 0.49296875 0.0125 0.01328125
18 0.5 0.12421875 0.0109375 0.01875
10 0.796875 0.03671875 0.01796875 0.0109375