22 0.46171875 0.18515625 0.01796875 0.021875
22 0.59453125 0.3046875 0.01640625 0.021875
22 0.703125 0.45 0.01640625 0.021875
22 0.66953125 0.640625 0.01796875 0.021875
22 0.85234375 0.3953125 0.01796875 0.021875
21 0.66953125 0.89453125 0.0140625 0.02265625
21 0.7484375 0.81953125 0.0125 0.02265625
21 0.590625 0.81875 0.0140625 0.02421875
21 0.5171875 0.9078125 0.0140625 0.02421875
21 0.5171875 0.8234375 0.0140625 0.02265625
21 0.5171875 0.73828125 0.01171875 0.02421875
21 0.5171875 0.6546875 0.01171875 0.02421875
27 0.5328125 0.6453125 0.01015625 0.0125
20 0.5328125 0.665625 0.01015625 0.0125
10 0.55859375 0.6046875 0.0078125 0.02265625
13 0.5765625 0.96015625 0.01015625 0.01875
10 0.57578125 0.94765625 0.01875 0.0078125
10 0.57578125 0.91796875 0.01875 0.00859375
20 0.5734375 0.915625 0.00859375 0.0140625
21 0.66953125 0.74375 0.0140625 0.02421875
10 0.7625 0.69921875 0.00859375 0.02421875
13 0.80625 0.646875 0.01015625 0.02421875
10 0.93671875 0.60703125 0.01640625 0.01015625
28 0.95546875 0.5484375 0.00546875 0.06328125
19 0.9484375 0.478125 0.01875 0.0140625
19 0.94765625 0.31328125 0.01796875 0.0125
37 0.7515625 0.30703125 0.0125 0.02421875
28 0.7375 0.3296875 0.00625 0.05625
19 0.75546875 0.3953125 0.01875 0.0140625
27 0.73125 0.521875 0.01015625 0.0125
20 0.77734375 0.53046875 0.01015625 0.01015625
20 0.66875 0.5421875 0.00859375 0.01015625
33 0.75078125 0.509375 0.01015625 0.01171875
37 0.75078125 0.4921875 0.01015625 0.02265625
20 0.75 0.25703125 0.00859375 0.0125
7 0.95390625 0.25078125 0.00859375 0.01796875
10 0.95546875 0.23515625 0.0078125 0.0203125
2 0.95390625 0.21171875 0.01171875 0.0265625
0 0.734375 0.184375 0.0078125 0.01015625
31 0.725 0.184375 0.0078125 0.01015625
20 0.72109375 0.184375 0.00859375 0.0125
28 0.85546875 0.1125 0.0546875 0.00859375
21 0.6578125 0.115625 0.0125 0.02265625
10 0.55234375 0.10390625 0.01796875 0.00859375
15 0.5890625 0.18515625 0.0125 0.0140625
10 0.36796875 0.10390625 0.01796875 0.00859375
16 0.33125 0.1203125 0.00390625 0.034375
10 0.36796875 0.26640625 0.01796875 0.01171875
2 0.3859375 0.26484375 0.021875 0.0125
28 0.396875 0.28203125 0.02265625 0.00625
28 0.43984375 0.2671875 0.053125 0.0078125
20 0.5203125 0.26484375 0.01015625 0.0125
21 0.29296875 0.45078125 0.015625 0.02421875
21 0.415625 0.4515625 0.01171875 0.02265625
21 0.48984375 0.45078125 0.0125 0.02421875
21 0.490625 0.54453125 0.0140625 0.02265625
21 0.41640625 0.546875 0.0125 0.02265625
8 0.3515625 0.5890625 0.00625 0.028125
12 0.33046875 0.5890625 0.00546875 0.0328125
20 0.32734375 0.534375 0.01015625 0.0125
33 0.3546875 0.534375 0.00859375 0.0125
2 0.3546875 0.553125 0.01015625 0.0265625
38 0.36484375 0.609375 0.02265625 0.0078125
10 0.35234375 0.51796875 0.0078125 0.0203125
6 0.38046875 0.45625 0.0125 0.01875
20 0.4203125 0.415625 0.01171875 0.01171875
21 0.41015625 0.65390625 0.0140625 0.02265625
20 0.44375 0.60625 0.01171875 0.0140625
37 0.51328125 0.60625 0.01640625 0.0140625
6 0.5015625 0.6046875 0.01015625 0.0140625
23 0.64921875 0.3390625 0.0140625 0.01875
20 0.45546875 0.35625 0.01015625 0.01015625
21 0.3703125 0.33828125 0.0125 0.02265625
21 0.42421875 0.33828125 0.0140625 0.02265625
5 0.396875 0.33984375 0.0078125 0.01015625
21 0.409375 0.73828125 0.0125 0.02421875
39 0.36328125 0.7859375 0.00859375 0.01015625
37 0.3546875 0.69921875 0.01015625 0.021875
10 0.471875 0.8546875 0.01796875 0.00859375
29 0.46171875 0.7859375 0.0125 0.01640625
21 0.41015625 0.8234375 0.0140625 0.02265625
21 0.41015625 0.90859375 0.0140625 0.02265625
6 0.46171875 0.91328125 0.0125 0.01796875
37 0.3546875 0.87109375 0.01015625 0.021875
25 0.36484375 0.978125 0.015625 0.01875
13 0.2125 0.94140625 0.01015625 0.02578125
20 0.228125 0.9 0.00859375 0.0140625
10 0.21171875 0.90078125 0.021875 0.0125
36 0.25 0.7140625 0.00625 0.13203125
36 0.10390625 0.7140625 0.00625 0.1296875
24 0.17890625 0.49375 0.01171875 0.0125
18 0.47734375 0.8375 0.01015625 0.01796875
10 0.75390625 0.91875 0.01640625 0.01015625