22 0.39375 0.43671875 0.021875 0.025
22 0.178125 0.284375 0.021875 0.025
21 0.4515625 0.80546875 0.01953125 0.02734375
21 0.3265625 0.80625 0.01796875 0.0265625
21 0.20234375 0.80625 0.01796875 0.0265625
21 0.4515625 0.69921875 0.01640625 0.02734375
21 0.3265625 0.69921875 0.01796875 0.02734375
21 0.20234375 0.6984375 0.01796875 0.0265625
21 0.20234375 0.91171875 0.01796875 0.025
21 0.0765625 0.9125 0.01796875 0.0265625
21 0.0765625 0.80546875 0.01796875 0.02734375
21 0.0765625 0.69921875 0.01796875 0.02734375
21 0.2765625 0.5796875 0.01796875 0.0265625
21 0.15390625 0.57421875 0.01796875 0.0265625
21 0.06953125 0.57421875 0.01796875 0.0265625
21 0.44921875 0.1625 0.01796875 0.0265625
13 0.2296875 0.996875 0.015625 0.00625
13 0.69296875 0.8609375 0.01484375 0.02890625
36 0.65703125 0.5984375 0.009375 0.1515625
36 0.8828125 0.5984375 0.0109375 0.1515625
20 0.54375 0.38203125 0.0125 0.01484375
20 0.5734375 0.81328125 0.0140625 0.0140625
20 0.25390625 0.9609375 0.0140625 0.0140625
20 0.11640625 0.653125 0.01484375 0.0140625
20 0.11796875 0.6296875 0.01484375 0.0140625
20 0.3375 0.653125 0.01484375 0.0140625
20 0.35546875 0.6171875 0.0125 0.0140625
20 0.33359375 0.4140625 0.01484375 0.01484375
20 0.3953125 0.24296875 0.01640625 0.0140625
31 0.3546875 0.3828125 0.0140625 0.01640625
10 0.021875 0.15078125 0.0140625 0.0328125
10 0.29609375 0.09453125 0.03203125 0.0125
15 0.3765625 0.24296875 0.01796875 0.0140625
0 0.36015625 0.2421875 0.0140625 0.01484375
37 0.33046875 0.328125 0.02109375 0.03203125
10 0.05546875 0.4734375 0.0328125 0.01484375
10 0.18984375 0.4921875 0.034375 0.0125
10 0.265625 0.65234375 0.03203125 0.0125
10 0.50703125 0.78203125 0.0140625 0.0359375
10 0.6890625 0.8140625 0.0328125 0.01484375
10 0.1734375 0.8484375 0.034375 0.01484375
10 0.2296875 0.996875 0.03125 0.00625
37 0.21171875 0.959375 0.02890625 0.02109375
37 0.0265625 0.94375 0.01953125 0.0328125
10 0.02265625 0.7703125 0.0125 0.03203125
10 0.50703125 0.56875 0.0140625 0.0359375
24 0.77109375 0.3421875 0.01796875 0.0140625
17 0.0234375 0.90234375 0.01640625 0.0265625
18 0.02421875 0.88359375 0.01484375 0.02109375
24 0.02421875 0.79765625 0.01484375 0.02109375
29 0.02578125 0.834375 0.01796875 0.01953125
6 0.13671875 0.9171875 0.01953125 0.01953125
6 0.10859375 0.5796875 0.01796875 0.02109375
28 0.178125 0.0125 0.07734375 0.00859375
28 0.35390625 0.3296875 0.00703125 0.05625
7 0.02421875 0.1109375 0.01484375 0.0234375
2 0.02421875 0.13359375 0.01796875 0.0328125
28 0.11640625 0.475 0.046875 0.00859375
28 0.31015625 0.52890625 0.03203125 0.00859375
27 0.32109375 0.65390625 0.01484375 0.01484375
7 0.28828125 0.65390625 0.02109375 0.01796875
28 0.07578125 0.63359375 0.046875 0.009375
5 0.25625 0.55546875 0.0125 0.0140625
27 0.35625 0.51640625 0.0140625 0.01640625
23 0.39296875 0.4765625 0.02109375 0.021875
33 0.50546875 0.54453125 0.01640625 0.01640625
2 0.5046875 0.51953125 0.01796875 0.0328125
38 0.5109375 0.6109375 0.00859375 0.0375
39 0.11875 0.94765625 0.00859375 0.00859375
12 0.5390625 0.30078125 0.00703125 0.0375