22 0.4203125 0.434375 0.0203125 0.0234375
22 0.21953125 0.29296875 0.0203125 0.0234375
21 0.47421875 0.77734375 0.01796875 0.02578125
21 0.3578125 0.778125 0.01640625 0.02421875
21 0.2421875 0.778125 0.01640625 0.02421875
21 0.47421875 0.67890625 0.015625 0.02578125
21 0.3578125 0.67890625 0.01640625 0.02578125
21 0.2421875 0.678125 0.01640625 0.02421875
21 0.2421875 0.8765625 0.01640625 0.0234375
21 0.125 0.87734375 0.01640625 0.02421875
21 0.125 0.77734375 0.01640625 0.02578125
21 0.125 0.67890625 0.01640625 0.02578125
21 0.31171875 0.5671875 0.01640625 0.02421875
21 0.19765625 0.5625 0.01640625 0.02421875
21 0.11875 0.5625 0.01640625 0.02421875
21 0.47265625 0.1796875 0.01640625 0.02421875
13 0.03359375 0.62734375 0.02578125 0.015625
13 0.26640625 0.96640625 0.0140625 0.028125
13 0.6984375 0.8296875 0.0140625 0.02734375
36 0.66484375 0.58515625 0.009375 0.14140625
36 0.875 0.58515625 0.01015625 0.14140625
20 0.56015625 0.38359375 0.01171875 0.0140625
20 0.5875 0.78515625 0.0125 0.0125
20 0.290625 0.92265625 0.0125 0.0125
20 0.1625 0.6359375 0.0140625 0.0125
20 0.1640625 0.6140625 0.0140625 0.0125
20 0.36796875 0.6359375 0.0140625 0.0125
20 0.38515625 0.603125 0.01171875 0.0125
20 0.3640625 0.41328125 0.0140625 0.0140625
20 0.421875 0.2546875 0.015625 0.0125
31 0.384375 0.384375 0.0125 0.015625
10 0.07421875 0.16875 0.0125 0.03046875
10 0.3296875 0.11640625 0.0296875 0.01171875
15 0.40390625 0.2546875 0.01640625 0.0125
0 0.38984375 0.25390625 0.0125 0.0140625
37 0.36171875 0.33359375 0.01953125 0.0296875
10 0.10546875 0.46875 0.03046875 0.0140625
10 0.23046875 0.48671875 0.03203125 0.01171875
10 0.3015625 0.6359375 0.0296875 0.01171875
10 0.52578125 0.75546875 0.0125 0.03359375
10 0.6953125 0.7859375 0.03046875 0.0140625
10 0.215625 0.81796875 0.03203125 0.0140625
10 0.2671875 0.95859375 0.028125 0.0125
37 0.2515625 0.92109375 0.02734375 0.01953125
37 0.078125 0.90625 0.01796875 0.03046875
10 0.075 0.74453125 0.01171875 0.0296875
10 0.52578125 0.5578125 0.0125 0.03359375
24 0.771875 0.346875 0.01640625 0.0125
17 0.07578125 0.86796875 0.015625 0.02421875
18 0.0765625 0.85 0.0140625 0.01953125
24 0.0765625 0.7703125 0.0140625 0.01953125
29 0.078125 0.8046875 0.01640625 0.01796875
6 0.18125 0.88203125 0.01796875 0.01796875
6 0.1546875 0.5671875 0.01640625 0.01953125
28 0.21953125 0.03984375 0.071875 0.0078125
28 0.38359375 0.33515625 0.00625 0.05234375
16 0.04453125 0.16484375 0.00625 0.03359375
7 0.0765625 0.13203125 0.0140625 0.021875
2 0.0765625 0.153125 0.01640625 0.03046875
28 0.16171875 0.4703125 0.04375 0.0078125
28 0.3421875 0.5203125 0.0296875 0.0078125
27 0.353125 0.63671875 0.0140625 0.0140625
7 0.321875 0.63671875 0.01953125 0.01640625
28 0.125 0.61796875 0.04375 0.009375
5 0.2921875 0.5453125 0.01171875 0.0125
27 0.3859375 0.509375 0.0125 0.015625
23 0.41953125 0.471875 0.01953125 0.0203125
33 0.52421875 0.534375 0.015625 0.015625
2 0.5234375 0.51171875 0.01640625 0.03046875
38 0.5296875 0.596875 0.0078125 0.034375
39 0.16484375 0.91015625 0.0078125 0.0078125
25 0.16953125 0.96875 0.0203125 0.021875
12 0.55625 0.3078125 0.00625 0.034375