22 0.1625 0.584375 0.01953125 0.0234375
22 0.38359375 0.51640625 0.01953125 0.025
21 0.278125 0.64296875 0.01953125 0.028125
21 0.4046875 0.6421875 0.015625 0.0265625
21 0.4703125 0.58125 0.015625 0.0265625
21 0.53125 0.58125 0.0125 0.0234375
21 0.50078125 0.65390625 0.0125 0.025
31 0.26640625 0.48046875 0.00859375 0.0140625
10 0.071875 0.50859375 0.0109375 0.028125
10 0.071875 0.6609375 0.009375 0.025
10 0.2546875 0.4796875 0.009375 0.0234375
10 0.29765625 0.7296875 0.02109375 0.0125
30 0.58359375 0.56796875 0.01640625 0.025
32 0.253125 0.4609375 0.009375 0.0140625
2 0.253125 0.49921875 0.0109375 0.015625
14 0.50078125 0.5234375 0.07109375 0.0640625
28 0.1625 0.43671875 0.0359375 0.00703125
28 0.290625 0.4375 0.04140625 0.00859375
28 0.2234375 0.75390625 0.0359375 0.00859375
5 0.50078125 0.615625 0.009375 0.0125
23 0.284375 0.5625 0.01796875 0.021875
23 0.3375 0.65703125 0.01640625 0.01953125
20 0.2875 0.5921875 0.0109375 0.0125
20 0.25234375 0.60078125 0.009375 0.015625
20 0.44140625 0.61640625 0.0109375 0.0140625