22 0.14140625 0.39765625 0.01875 0.0234375
22 0.35703125 0.46328125 0.01875 0.02421875
21 0.25390625 0.33984375 0.01875 0.02734375
21 0.378125 0.340625 0.01484375 0.02578125
21 0.4421875 0.4 0.01484375 0.02578125
21 0.50234375 0.4 0.0125 0.0234375
21 0.471875 0.32890625 0.0125 0.02421875
31 0.24296875 0.4984375 0.0078125 0.01328125
10 0.053125 0.47109375 0.0109375 0.02734375
10 0.05234375 0.321875 0.009375 0.02421875
10 0.23203125 0.49921875 0.009375 0.0234375
10 0.2734375 0.2546875 0.0203125 0.0125
30 0.553125 0.41328125 0.01640625 0.02421875
32 0.23046875 0.51796875 0.009375 0.01328125
2 0.2296875 0.48046875 0.0109375 0.01484375
14 0.471875 0.45625 0.06953125 0.0625
28 0.14140625 0.54140625 0.03515625 0.00703125
28 0.26640625 0.540625 0.040625 0.0078125
28 0.20078125 0.23125 0.03515625 0.0078125
5 0.471875 0.36640625 0.009375 0.0125
23 0.26015625 0.41875 0.01796875 0.021875
23 0.3125 0.32578125 0.01640625 0.01875
20 0.26328125 0.3890625 0.0109375 0.0125
20 0.22890625 0.38125 0.009375 0.01484375
20 0.4140625 0.365625 0.0109375 0.01328125