22 0.21640625 0.43828125 0.02421875 0.0265625
22 0.72578125 0.43046875 0.02421875 0.0265625
22 0.4515625 0.596875 0.02265625 0.02578125
22 0.61015625 0.596875 0.02265625 0.0265625
22 0.7515625 0.7234375 0.02265625 0.0265625
22 0.20625 0.73203125 0.02578125 0.0265625
21 0.484375 0.3515625 0.01953125 0.028125
21 0.425 0.4359375 0.01640625 0.028125
21 0.54140625 0.4359375 0.01953125 0.028125
21 0.45625 0.7328125 0.01796875 0.028125
21 0.42578125 0.84375 0.01796875 0.028125
21 0.49609375 0.84296875 0.01796875 0.0265625
30 0.409375 0.32734375 0.0359375 0.02265625
10 0.3265625 0.31953125 0.02421875 0.01015625
10 0.05234375 0.35078125 0.01015625 0.0265625
10 0.05234375 0.52421875 0.01015625 0.02578125
10 0.20859375 0.5546875 0.02265625 0.01015625
37 0.27578125 0.57578125 0.0265625 0.01640625
37 0.12109375 0.5765625 0.02578125 0.01796875
28 0.2 0.31875 0.0703125 0.01171875
20 0.38046875 0.47421875 0.0140625 0.015625
20 0.471875 0.484375 0.01015625 0.015625
5 0.42421875 0.36484375 0.0125 0.0140625
14 0.546875 0.3921875 0.0546875 0.15703125
10 0.584375 0.384375 0.01015625 0.0265625
10 0.66015625 0.3203125 0.02578125 0.01171875
2 0.5875 0.415625 0.01953125 0.0359375
20 0.66640625 0.53671875 0.015625 0.0140625
20 0.578125 0.559375 0.015625 0.01640625
10 0.81484375 0.3203125 0.02578125 0.01171875
28 0.86796875 0.46171875 0.0078125 0.06171875
10 0.77265625 0.5578125 0.02578125 0.0125
31 0.646875 0.6390625 0.0125 0.00859375
10 0.63046875 0.68515625 0.01015625 0.0265625
20 0.653125 0.65859375 0.0140625 0.015625
28 0.46484375 0.66484375 0.03984375 0.0078125
14 0.4984375 0.7265625 0.0625 0.1046875
20 0.38046875 0.66484375 0.0140625 0.015625
20 0.35 0.74921875 0.015625 0.0125
27 0.4015625 0.56484375 0.015625 0.015625
10 0.8671875 0.871875 0.01015625 0.028125
10 0.6296875 0.85859375 0.00859375 0.0265625
28 0.7359375 0.89296875 0.0703125 0.01015625
5 0.4625 0.81015625 0.01171875 0.0140625
10 0.32265625 0.93515625 0.00859375 0.028125
28 0.20625 0.971875 0.071875 0.01015625
10 0.053125 0.88203125 0.01171875 0.02578125
32 0.05546875 0.86328125 0.01640625 0.02265625
2 0.0546875 0.85078125 0.015625 0.034375