22 0.240625 0.575 0.025 0.028125
22 0.76875 0.5828125 0.025 0.028125
22 0.484375 0.41015625 0.02421875 0.0265625
22 0.6484375 0.41015625 0.02421875 0.028125
22 0.79609375 0.27890625 0.02421875 0.028125
22 0.2296875 0.26953125 0.0265625 0.028125
21 0.51796875 0.66484375 0.01953125 0.02890625
21 0.45703125 0.5765625 0.0171875 0.02890625
21 0.57734375 0.5765625 0.01953125 0.02890625
21 0.4890625 0.26953125 0.01875 0.02890625
21 0.4578125 0.15390625 0.01875 0.02890625
21 0.53046875 0.1546875 0.01875 0.028125
30 0.440625 0.68984375 0.0375 0.02421875
10 0.3546875 0.69765625 0.025 0.0109375
10 0.0703125 0.66484375 0.0109375 0.028125
10 0.0703125 0.48515625 0.0109375 0.0265625
10 0.23203125 0.45390625 0.02421875 0.0109375
37 0.3015625 0.43203125 0.028125 0.0171875
37 0.1421875 0.43125 0.0265625 0.01875
28 0.2234375 0.6984375 0.07265625 0.01171875
20 0.41015625 0.5375 0.01484375 0.015625
20 0.50546875 0.5265625 0.0109375 0.015625
5 0.45625 0.65078125 0.01328125 0.01484375
14 0.5828125 0.62265625 0.05703125 0.16328125
10 0.621875 0.63046875 0.0109375 0.028125
10 0.7 0.696875 0.0265625 0.01171875
2 0.625 0.5984375 0.01953125 0.0375
20 0.70703125 0.47265625 0.015625 0.01484375
20 0.615625 0.44921875 0.015625 0.0171875
10 0.8609375 0.696875 0.0265625 0.01171875
28 0.91640625 0.55078125 0.0078125 0.06328125
10 0.8171875 0.45078125 0.0265625 0.01328125
31 0.68671875 0.36640625 0.01328125 0.009375
10 0.66953125 0.31875 0.0109375 0.028125
20 0.69296875 0.34609375 0.01484375 0.015625
28 0.49765625 0.33984375 0.04140625 0.0078125
14 0.5328125 0.27578125 0.06484375 0.10859375
20 0.41015625 0.33984375 0.01484375 0.015625
20 0.3796875 0.25234375 0.015625 0.01328125
27 0.43203125 0.44296875 0.015625 0.015625
10 0.91484375 0.125 0.0109375 0.02890625
10 0.66875 0.13828125 0.009375 0.028125
28 0.77890625 0.103125 0.07265625 0.0109375
5 0.4953125 0.1890625 0.01171875 0.01484375
10 0.35078125 0.059375 0.009375 0.02890625
28 0.2296875 0.02109375 0.07421875 0.0109375
10 0.07109375 0.1140625 0.01171875 0.0265625
32 0.0734375 0.13359375 0.0171875 0.02421875
2 0.07265625 0.146875 0.015625 0.0359375