22 0.82421875 0.56953125 0.0265625 0.02890625
22 0.27421875 0.578125 0.0265625 0.02890625
22 0.5703125 0.39765625 0.025 0.02734375
22 0.39921875 0.3984375 0.025 0.02890625
22 0.24609375 0.26171875 0.025 0.02890625
22 0.8359375 0.25234375 0.02734375 0.02890625
21 0.53515625 0.66328125 0.02109375 0.03046875
21 0.5984375 0.571875 0.01796875 0.03046875
21 0.4734375 0.571875 0.02109375 0.03046875
21 0.56484375 0.2515625 0.01953125 0.03046875
21 0.5984375 0.13125 0.01953125 0.03046875
21 0.521875 0.13203125 0.01953125 0.02890625
30 0.61640625 0.6890625 0.0390625 0.025
10 0.70546875 0.69765625 0.0265625 0.0109375
10 0.99765625 0.6640625 0.00390625 0.02890625
10 0.99765625 0.4765625 0.00390625 0.02734375
10 0.8328125 0.44375 0.025 0.0109375
37 0.76015625 0.4203125 0.02890625 0.01796875
37 0.9265625 0.41953125 0.02734375 0.01953125
28 0.8421875 0.6984375 0.07578125 0.0125
20 0.646875 0.53046875 0.01484375 0.01640625
20 0.5484375 0.51953125 0.0109375 0.01640625
5 0.59921875 0.6484375 0.0140625 0.01484375
14 0.4671875 0.61953125 0.059375 0.16953125
10 0.4265625 0.628125 0.0109375 0.02890625
10 0.3453125 0.696875 0.02734375 0.0125
2 0.4234375 0.59375 0.02109375 0.0390625
20 0.33828125 0.46328125 0.01640625 0.01484375
20 0.43359375 0.43828125 0.01640625 0.01796875
10 0.178125 0.696875 0.02734375 0.0125
28 0.1203125 0.54453125 0.00859375 0.06640625
10 0.2234375 0.440625 0.02734375 0.0140625
31 0.359375 0.353125 0.0140625 0.009375
10 0.37734375 0.303125 0.0109375 0.02890625
20 0.353125 0.33125 0.01484375 0.01640625
28 0.55625 0.32421875 0.04296875 0.00859375
14 0.5203125 0.25859375 0.06796875 0.11328125
20 0.646875 0.32421875 0.01484375 0.01640625
20 0.6796875 0.23359375 0.01640625 0.0140625
27 0.62421875 0.43203125 0.01640625 0.01640625
10 0.121875 0.10078125 0.0109375 0.03046875
10 0.378125 0.115625 0.009375 0.02890625
28 0.26328125 0.07890625 0.07578125 0.0109375
5 0.55859375 0.16796875 0.0125 0.01484375
10 0.709375 0.0328125 0.009375 0.03046875
10 0.996875 0.08984375 0.00546875 0.02734375
32 0.99453125 0.11015625 0.0109375 0.025
2 0.9953125 0.1234375 0.009375 0.0375