22 0.77890625 0.56484375 0.02265625 0.0265625
22 0.6640625 0.390625 0.02265625 0.02890625
22 0.80546875 0.26015625 0.02265625 0.02890625
22 0.50703125 0.39140625 0.02265625 0.02734375
22 0.26484375 0.25078125 0.02265625 0.0265625
22 0.27578125 0.55625 0.0234375 0.02734375
21 0.51328125 0.25078125 0.01875 0.02890625
21 0.5515625 0.13671875 0.02109375 0.02734375
21 0.48203125 0.1359375 0.01953125 0.02890625
30 0.5671875 0.09375 0.03203125 0.0265625
5 0.51875 0.16953125 0.01328125 0.01484375
20 0.4078125 0.2328125 0.01328125 0.01484375
10 0.38125 0.040625 0.0109375 0.02890625
14 0.553125 0.2546875 0.06328125 0.1109375
28 0.51953125 0.32109375 0.03984375 0.009375
10 0.684375 0.3 0.0109375 0.02734375
31 0.70234375 0.34765625 0.01171875 0.009375
20 0.70703125 0.32734375 0.01328125 0.015625
28 0.9203125 0.53203125 0.009375 0.065625
2 0.83671875 0.45546875 0.0328125 0.01875
10 0.825 0.45078125 0.02265625 0.01171875
10 0.825 0.43203125 0.02265625 0.01171875
20 0.721875 0.4546875 0.01328125 0.01484375
20 0.63359375 0.43046875 0.01328125 0.015625
20 0.52734375 0.5078125 0.0109375 0.015625
20 0.43828125 0.51796875 0.01328125 0.0171875
10 0.38359375 0.678125 0.0234375 0.0109375
30 0.46640625 0.6703125 0.0328125 0.0234375
21 0.540625 0.6453125 0.0171875 0.02890625
21 0.59765625 0.55703125 0.01875 0.03046875
21 0.4828125 0.55703125 0.01875 0.02890625
10 0.6390625 0.5875 0.009375 0.025
14 0.6015625 0.60390625 0.0578125 0.16328125
5 0.48046875 0.63125 0.01328125 0.01484375
28 0.25859375 0.6796875 0.07109375 0.0109375
10 0.1109375 0.64609375 0.0109375 0.03203125
10 0.1125 0.4671875 0.009375 0.0265625
10 0.26640625 0.434375 0.0234375 0.0109375
37 0.3328125 0.41328125 0.0234375 0.01875
37 0.18046875 0.41328125 0.025 0.01875
33 0.15703125 0.4125 0.01875 0.01953125
27 0.45859375 0.42421875 0.01484375 0.0171875
28 0.2640625 0.003125 0.07109375 0.00625
10 0.11328125 0.0953125 0.0109375 0.025
7 0.11640625 0.12265625 0.01875 0.0234375
2 0.11640625 0.14609375 0.01875 0.03984375
20 0.4375 0.321875 0.01484375 0.01328125
10 0.71328125 0.67890625 0.025 0.009375
10 0.86640625 0.678125 0.0265625 0.0109375
10 0.684375 0.12109375 0.0109375 0.02734375
10 0.91796875 0.10703125 0.0109375 0.0265625
28 0.7890625 0.084375 0.07109375 0.0109375