22 0.2359375 0.5796875 0.021875 0.025
22 0.34609375 0.4125 0.021875 0.028125
22 0.2109375 0.2875 0.021875 0.028125
22 0.496875 0.41328125 0.021875 0.0265625
22 0.7296875 0.278125 0.021875 0.025
22 0.71875 0.571875 0.02265625 0.0265625
21 0.49140625 0.278125 0.01796875 0.028125
21 0.4546875 0.16875 0.0203125 0.0265625
21 0.52109375 0.16796875 0.01875 0.028125
30 0.4390625 0.128125 0.03046875 0.025
5 0.4859375 0.20078125 0.0125 0.0140625
20 0.5921875 0.26171875 0.0125 0.0140625
10 0.61796875 0.07734375 0.01015625 0.028125
14 0.453125 0.28203125 0.0609375 0.10625
28 0.48515625 0.34609375 0.03828125 0.00859375
10 0.3265625 0.32578125 0.01015625 0.0265625
31 0.309375 0.371875 0.01171875 0.00859375
20 0.3046875 0.3515625 0.0125 0.01484375
28 0.10078125 0.5484375 0.00859375 0.06328125
2 0.18046875 0.475 0.03203125 0.01796875
10 0.19140625 0.4703125 0.021875 0.01171875
10 0.19140625 0.45234375 0.021875 0.01171875
20 0.29140625 0.47421875 0.0125 0.0140625
20 0.37578125 0.45078125 0.0125 0.01484375
20 0.47734375 0.525 0.01015625 0.01484375
20 0.56328125 0.53515625 0.0125 0.01640625
10 0.61484375 0.68828125 0.02265625 0.01015625
30 0.5359375 0.68125 0.03203125 0.02265625
21 0.46484375 0.65703125 0.01640625 0.028125
21 0.41015625 0.57265625 0.01796875 0.02890625
21 0.5203125 0.571875 0.01796875 0.028125
10 0.3703125 0.6015625 0.00859375 0.02421875
14 0.40625 0.61796875 0.05546875 0.15703125
5 0.52265625 0.64375 0.0125 0.0140625
28 0.73515625 0.68984375 0.06796875 0.01015625
10 0.87734375 0.65859375 0.01015625 0.03046875
10 0.875 0.4859375 0.00859375 0.025
10 0.728125 0.4546875 0.02265625 0.01015625
37 0.66484375 0.434375 0.02265625 0.01796875
37 0.8109375 0.434375 0.02421875 0.01796875
33 0.8328125 0.43359375 0.01796875 0.01875
27 0.54375 0.4453125 0.0140625 0.01640625
28 0.73046875 0.03984375 0.06796875 0.00859375
10 0.875 0.1296875 0.01015625 0.02421875
7 0.871875 0.15546875 0.01796875 0.02265625
2 0.871875 0.178125 0.01796875 0.03828125
20 0.5640625 0.346875 0.0140625 0.0125
10 0.29921875 0.6890625 0.02421875 0.00859375
10 0.1515625 0.68828125 0.025 0.01015625
10 0.3265625 0.15390625 0.01015625 0.0265625
10 0.10234375 0.140625 0.01015625 0.025
28 0.2265625 0.11875 0.06796875 0.01015625