22 0.76640625 0.421875 0.02109375 0.025
22 0.65703125 0.58828125 0.02109375 0.02734375
22 0.79140625 0.7125 0.02109375 0.02734375
22 0.50703125 0.5875 0.02109375 0.0265625
22 0.275 0.721875 0.02109375 0.025
22 0.2859375 0.43046875 0.02265625 0.0265625
21 0.5125 0.721875 0.01796875 0.02734375
21 0.54921875 0.83046875 0.0203125 0.0265625
21 0.4828125 0.83125 0.01875 0.02734375
30 0.5640625 0.871875 0.03046875 0.025
5 0.51796875 0.79921875 0.0125 0.0140625
20 0.41171875 0.73828125 0.0125 0.0140625
10 0.38671875 0.921875 0.01015625 0.02734375
14 0.55 0.71796875 0.06015625 0.10546875
28 0.51875 0.65390625 0.0375 0.00859375
10 0.6765625 0.67421875 0.01015625 0.0265625
31 0.69296875 0.62890625 0.01171875 0.00859375
20 0.69765625 0.6484375 0.0125 0.01484375
28 0.90078125 0.453125 0.00859375 0.06328125
2 0.821875 0.5265625 0.03125 0.01796875
10 0.81015625 0.53046875 0.02109375 0.01171875
10 0.81015625 0.5484375 0.02109375 0.01171875
20 0.71171875 0.52734375 0.0125 0.0140625
20 0.62734375 0.55 0.0125 0.01484375
20 0.5265625 0.47578125 0.01015625 0.01484375
20 0.440625 0.46640625 0.0125 0.01640625
10 0.3890625 0.31328125 0.02265625 0.01015625
30 0.46796875 0.32109375 0.03125 0.02265625
21 0.53828125 0.3453125 0.01640625 0.02734375
21 0.59296875 0.42890625 0.01796875 0.02890625
21 0.48359375 0.4296875 0.01796875 0.02734375
10 0.6328125 0.4 0.00859375 0.02421875
14 0.596875 0.384375 0.05546875 0.15625
5 0.48125 0.35859375 0.0125 0.0140625
28 0.26953125 0.3125 0.06796875 0.01015625
10 0.128125 0.34375 0.01015625 0.03046875
10 0.13046875 0.51484375 0.00859375 0.025
10 0.27734375 0.546875 0.02265625 0.01015625
37 0.33984375 0.56640625 0.02265625 0.01796875
37 0.19453125 0.56640625 0.02421875 0.01796875
33 0.17265625 0.5671875 0.01796875 0.01875
27 0.46015625 0.55625 0.0140625 0.01640625
28 0.27421875 0.959375 0.06796875 0.00859375
10 0.13125 0.86953125 0.01015625 0.02421875
7 0.13359375 0.84375 0.01796875 0.02265625
2 0.13359375 0.82109375 0.01796875 0.0375
20 0.43984375 0.65390625 0.0140625 0.0125
10 0.703125 0.31328125 0.02421875 0.00859375
10 0.85 0.31328125 0.025 0.01015625
10 0.6765625 0.84609375 0.01015625 0.0265625
10 0.89921875 0.85859375 0.01015625 0.025
28 0.77578125 0.88046875 0.06796875 0.01015625