22 0.765625 0.52578125 0.025 0.0265625
22 0.23125 0.265625 0.02421875 0.025
22 0.50234375 0.265625 0.025 0.025
22 0.765625 0.2046875 0.025 0.02421875
21 0.15390625 0.640625 0.01796875 0.0265625
21 0.26171875 0.64140625 0.01875 0.025
21 0.36953125 0.6390625 0.01875 0.02890625
21 0.15390625 0.4984375 0.01796875 0.0265625
21 0.26171875 0.49765625 0.01875 0.02734375
21 0.3703125 0.4984375 0.01796875 0.0265625
21 0.5078125 0.55859375 0.01875 0.0265625
21 0.53046875 0.4625 0.01796875 0.0265625
21 0.5078125 0.64140625 0.01875 0.02734375
37 0.1015625 0.66640625 0.01640625 0.025
10 0.1359375 0.95078125 0.025 0.0125
10 0.409375 0.9078125 0.01015625 0.0265625
32 0.40390625 0.934375 0.01796875 0.02265625
2 0.4046875 0.94921875 0.01875 0.01875
20 0.40625 0.73203125 0.0140625 0.01640625
20 0.43671875 0.67734375 0.0125 0.01484375
35 0.26171875 0.73125 0.115625 0.046875
10 0.29609375 0.69140625 0.025 0.0125
17 0.103125 0.63671875 0.01796875 0.03125
39 0.21953125 0.66640625 0.00859375 0.01015625
27 0.40703125 0.7078125 0.01484375 0.01796875
37 0.17578125 0.4265625 0.02109375 0.01796875
18 0.15859375 0.4265625 0.01796875 0.01796875
37 0.2640625 0.4265625 0.02421875 0.01640625
26 0.2875 0.42734375 0.0203125 0.01875
20 0.3625 0.425 0.0125 0.0140625
20 0.45859375 0.4015625 0.01484375 0.01484375
10 0.09921875 0.371875 0.01171875 0.025
10 0.12578125 0.12578125 0.025 0.01015625
10 0.33515625 0.159375 0.01015625 0.0265625
10 0.35390625 0.290625 0.01015625 0.025
20 0.3328125 0.31328125 0.0125 0.01484375
2 0.35859375 0.24140625 0.01640625 0.03671875
33 0.35625 0.26875 0.01484375 0.01875
38 0.3515625 0.22265625 0.0078125 0.0375
20 0.44765625 0.12890625 0.0140625 0.0140625
20 0.4609375 0.12890625 0.0125 0.0140625
0 0.47265625 0.12734375 0.01171875 0.0125
8 0.5703125 0.15859375 0.0078125 0.0328125
28 0.57109375 0.159375 0.00859375 0.0515625
10 0.621875 0.12578125 0.02265625 0.01015625
13 0.5875 0.0796875 0.01640625 0.03046875
28 0.765625 0.04765625 0.12109375 0.01015625
12 0.615625 0.05703125 0.0078125 0.0375
10 0.9203125 0.146875 0.01015625 0.0265625
16 0.953125 0.2859375 0.0078125 0.0375
31 0.56953125 0.37578125 0.00859375 0.0140625
27 0.5671875 0.36171875 0.0140625 0.01640625
5 0.56640625 0.4609375 0.0125 0.0125
20 0.5921875 0.4015625 0.0140625 0.01484375
28 0.53828125 0.5078125 0.03125 0.01015625
28 0.615625 0.54765625 0.00859375 0.06015625
10 0.59765625 0.6015625 0.01171875 0.0265625
37 0.61875 0.64765625 0.01640625 0.0265625
10 0.64140625 0.7171875 0.0265625 0.01171875
6 0.459375 0.60546875 0.02109375 0.02265625
13 0.60859375 0.7265625 0.01796875 0.03046875
13 0.56953125 0.72421875 0.02421875 0.025
24 0.9125 0.71875 0.01640625 0.0140625
10 0.92109375 0.6171875 0.01171875 0.025
7 0.9171875 0.64453125 0.01796875 0.02421875
2 0.9171875 0.671875 0.01640625 0.02890625
28 0.2171875 0.4046875 0.05703125 0.00859375
29 0.22265625 0.434375 0.01796875 0.01796875