22 0.76484375 0.528125 0.025 0.0265625
22 0.234375 0.2703125 0.0234375 0.025
22 0.50390625 0.2703125 0.025 0.025
22 0.76484375 0.209375 0.025 0.0234375
21 0.1578125 0.6421875 0.0171875 0.0265625
21 0.2640625 0.6421875 0.01875 0.025
21 0.371875 0.640625 0.01875 0.02890625
21 0.1578125 0.50078125 0.0171875 0.0265625
21 0.2640625 0.5 0.01875 0.02734375
21 0.37265625 0.50078125 0.0171875 0.0265625
21 0.509375 0.5609375 0.01875 0.0265625
21 0.53125 0.465625 0.0171875 0.0265625
21 0.509375 0.6421875 0.01875 0.02734375
37 0.10546875 0.6671875 0.01640625 0.025
10 0.13984375 0.95 0.025 0.0125
10 0.4109375 0.90703125 0.01015625 0.0265625
32 0.40625 0.93359375 0.0171875 0.02265625
2 0.40703125 0.9484375 0.01875 0.01875
20 0.4078125 0.7328125 0.0140625 0.01640625
20 0.4390625 0.67890625 0.0125 0.01484375
35 0.26484375 0.73203125 0.11484375 0.04609375
10 0.2984375 0.6921875 0.025 0.0125
17 0.1078125 0.63828125 0.0171875 0.03125
39 0.2234375 0.6671875 0.00859375 0.01015625
27 0.40859375 0.70859375 0.01484375 0.0171875
37 0.1796875 0.4296875 0.02109375 0.0171875
18 0.1625 0.4296875 0.0171875 0.0171875
37 0.2671875 0.4296875 0.0234375 0.01640625
26 0.28984375 0.43046875 0.0203125 0.01875
20 0.36484375 0.428125 0.0125 0.0140625
20 0.46015625 0.4046875 0.01484375 0.01484375
10 0.103125 0.375 0.0109375 0.025
10 0.1296875 0.13125 0.025 0.01015625
10 0.3375 0.1640625 0.01015625 0.0265625
10 0.35625 0.2953125 0.01015625 0.025
20 0.33515625 0.3171875 0.0125 0.01484375
2 0.3609375 0.2453125 0.01640625 0.0359375
33 0.35859375 0.2734375 0.01484375 0.01875
38 0.35390625 0.22734375 0.0078125 0.0375
20 0.44921875 0.134375 0.0140625 0.0140625
20 0.4625 0.134375 0.0125 0.0140625
0 0.47421875 0.1328125 0.0109375 0.0125
8 0.57109375 0.1640625 0.0078125 0.0328125
28 0.571875 0.1640625 0.00859375 0.0515625
10 0.62265625 0.13125 0.02265625 0.01015625
13 0.58828125 0.08515625 0.01640625 0.0296875
28 0.76484375 0.05390625 0.1203125 0.01015625
12 0.61640625 0.0625 0.0078125 0.0375
10 0.91875 0.1515625 0.01015625 0.0265625
16 0.9515625 0.28984375 0.0078125 0.0375
31 0.5703125 0.3796875 0.00859375 0.0140625
27 0.56796875 0.365625 0.0140625 0.01640625
5 0.5671875 0.4640625 0.0125 0.0125
20 0.59296875 0.4046875 0.0140625 0.01484375
28 0.5390625 0.51015625 0.03125 0.01015625
28 0.615625 0.55 0.00859375 0.06015625
10 0.5984375 0.603125 0.0109375 0.0265625
37 0.61953125 0.64921875 0.01640625 0.0265625
10 0.6421875 0.71796875 0.0265625 0.0109375
6 0.4609375 0.6078125 0.02109375 0.02265625
13 0.60859375 0.72734375 0.0171875 0.0296875
13 0.5703125 0.725 0.0234375 0.025
24 0.9109375 0.71953125 0.01640625 0.0140625
10 0.91953125 0.61875 0.0109375 0.025
7 0.91484375 0.6453125 0.0171875 0.0234375
2 0.915625 0.6734375 0.01640625 0.02890625
28 0.2203125 0.4078125 0.05625 0.00859375
29 0.2265625 0.4375 0.0171875 0.0171875