22 0.2328125 0.49140625 0.02734375 0.028125
22 0.80625 0.7703125 0.02578125 0.02734375
22 0.51484375 0.7703125 0.02734375 0.02734375
22 0.2328125 0.8359375 0.02734375 0.02578125
21 0.8890625 0.36796875 0.01875 0.028125
21 0.7734375 0.3671875 0.0203125 0.02734375
21 0.6578125 0.36953125 0.0203125 0.03125
21 0.8890625 0.52109375 0.01875 0.028125
21 0.7734375 0.521875 0.0203125 0.0296875
21 0.65703125 0.52109375 0.01875 0.028125
21 0.50859375 0.45625 0.0203125 0.028125
21 0.48515625 0.55859375 0.01875 0.028125
21 0.50859375 0.3671875 0.0203125 0.0296875
37 0.9453125 0.340625 0.0171875 0.02734375
10 0.9078125 0.03515625 0.02734375 0.01328125
10 0.61484375 0.08203125 0.0109375 0.028125
32 0.6203125 0.05234375 0.01875 0.02421875
2 0.61953125 0.0375 0.0203125 0.0203125
20 0.61796875 0.26953125 0.01484375 0.0171875
20 0.58515625 0.328125 0.01328125 0.01640625
35 0.77265625 0.27109375 0.12421875 0.05
10 0.73671875 0.31328125 0.02734375 0.01328125
17 0.94296875 0.37265625 0.01875 0.03359375
39 0.81796875 0.340625 0.009375 0.0109375
27 0.6171875 0.29609375 0.01640625 0.01875
37 0.865625 0.59765625 0.02265625 0.01875
18 0.88359375 0.59765625 0.01875 0.01875
37 0.77109375 0.59765625 0.02578125 0.0171875
26 0.74609375 0.596875 0.021875 0.0203125
20 0.66484375 0.59921875 0.01328125 0.01484375
20 0.5625 0.62421875 0.01640625 0.01640625
10 0.94765625 0.65703125 0.0125 0.02734375
10 0.91875 0.9203125 0.02734375 0.0109375
10 0.69453125 0.884375 0.0109375 0.028125
10 0.67421875 0.74296875 0.0109375 0.02734375
20 0.69765625 0.71875 0.01328125 0.01640625
2 0.66953125 0.796875 0.0171875 0.0390625
33 0.671875 0.7671875 0.01640625 0.0203125
38 0.67734375 0.81640625 0.0078125 0.040625
20 0.5734375 0.9171875 0.01484375 0.01484375
20 0.559375 0.9171875 0.01328125 0.01484375
0 0.546875 0.91875 0.0125 0.01328125
8 0.4421875 0.88515625 0.0078125 0.03515625
28 0.44140625 0.884375 0.009375 0.05546875
10 0.38671875 0.9203125 0.02421875 0.0109375
13 0.4234375 0.9703125 0.0171875 0.0328125
12 0.39296875 0.98671875 0.0078125 0.0265625
10 0.06640625 0.89765625 0.0109375 0.028125
16 0.03125 0.7484375 0.0078125 0.040625
31 0.4421875 0.65234375 0.009375 0.01484375
27 0.4453125 0.6671875 0.01484375 0.0171875
5 0.44609375 0.5609375 0.01328125 0.01328125
20 0.41796875 0.62421875 0.01484375 0.01640625
28 0.4765625 0.5109375 0.03359375 0.0109375
28 0.39375 0.4671875 0.009375 0.06484375
10 0.4125 0.41015625 0.0125 0.028125
37 0.38984375 0.36015625 0.0171875 0.028125
10 0.365625 0.2859375 0.028125 0.0125
6 0.56171875 0.40546875 0.02265625 0.02421875
13 0.4015625 0.27578125 0.01875 0.0328125
13 0.4421875 0.278125 0.02578125 0.02734375
24 0.075 0.284375 0.0171875 0.01484375
10 0.065625 0.39296875 0.0125 0.02734375
7 0.0703125 0.3640625 0.01875 0.02578125
2 0.06953125 0.334375 0.0171875 0.03125
28 0.82109375 0.62109375 0.0609375 0.009375
29 0.81484375 0.5890625 0.01875 0.01875