22 0.5609375 0.61484375 0.028125 0.028125
22 0.82734375 0.54375 0.0265625 0.0265625
22 0.77890625 0.25625 0.028125 0.02890625
22 0.2484375 0.33046875 0.02578125 0.028125
21 0.1546875 0.61640625 0.021875 0.02890625
21 0.2734375 0.61640625 0.0203125 0.02890625
21 0.15390625 0.5296875 0.02265625 0.02890625
21 0.2734375 0.5296875 0.0203125 0.02890625
21 0.55625 0.303125 0.021875 0.03046875
21 0.4578125 0.26171875 0.0203125 0.03046875
21 0.55625 0.22109375 0.02265625 0.02890625
20 0.6203125 0.2890625 0.01640625 0.01640625
30 0.58828125 0.3375 0.02890625 0.0203125
5 0.45390625 0.22734375 0.0140625 0.0140625
14 0.45625 0.34453125 0.09765625 0.08125
10 0.3953125 0.31171875 0.0125 0.03046875
10 0.13671875 0.1859375 0.02890625 0.0125
28 0.2359375 0.1828125 0.06484375 0.00859375
28 0.77890625 0.0984375 0.06484375 0.00859375
37 0.9390625 0.1375 0.01796875 0.04296875
10 0.9390625 0.309375 0.015625 0.040625
33 0.9390625 0.32890625 0.01796875 0.01875
20 0.7125 0.4078125 0.015625 0.01640625
10 0.759375 0.41015625 0.03046875 0.01171875
10 0.84296875 0.43046875 0.02890625 0.01171875
10 0.7140625 0.50078125 0.0125 0.02890625
2 0.7171875 0.51640625 0.01796875 0.040625
20 0.715625 0.54609375 0.0140625 0.015625
27 0.690625 0.49921875 0.01796875 0.021875
23 0.65546875 0.52890625 0.02421875 0.02421875
28 0.83046875 0.65859375 0.04609375 0.00859375
10 0.91015625 0.65625 0.03203125 0.0125
31 0.628125 0.65546875 0.01796875 0.01171875
20 0.57421875 0.653125 0.01640625 0.01640625
28 0.5140625 0.6578125 0.05625 0.01015625
20 0.42890625 0.5734375 0.015625 0.0140625
28 0.34453125 0.5265625 0.00859375 0.03046875
20 0.396875 0.47109375 0.015625 0.01640625
10 0.3 0.47421875 0.02890625 0.0125
30 0.3203125 0.50625 0.0265625 0.0203125
14 0.1703125 0.51875 0.15234375 0.06328125
5 0.2140625 0.61875 0.015625 0.0140625
2 0.62109375 0.15546875 0.01796875 0.0390625
7 0.6203125 0.1421875 0.01875 0.0265625
10 0.6171875 0.11796875 0.0125 0.03046875