22 0.3953125 0.39375 0.0296875 0.0296875
22 0.11484375 0.46875 0.028125 0.028125
22 0.16640625 0.77109375 0.0296875 0.03046875
22 0.725 0.69296875 0.0265625 0.0296875
21 0.8234375 0.3921875 0.02265625 0.03046875
21 0.6984375 0.3921875 0.02109375 0.03046875
21 0.82421875 0.48359375 0.02421875 0.03046875
21 0.6984375 0.48359375 0.02109375 0.03046875
21 0.4 0.72265625 0.02265625 0.03203125
21 0.50390625 0.765625 0.02109375 0.03203125
21 0.40078125 0.80859375 0.02421875 0.03046875
20 0.3328125 0.73671875 0.0171875 0.0171875
30 0.36640625 0.6859375 0.03046875 0.02109375
5 0.50859375 0.80234375 0.01484375 0.01484375
14 0.50625 0.678125 0.103125 0.0859375
10 0.56953125 0.71328125 0.01328125 0.03203125
10 0.8421875 0.84609375 0.03046875 0.01328125
28 0.73828125 0.84921875 0.06875 0.009375
28 0.165625 0.9375 0.06875 0.009375
37 0.00390625 0.89609375 0.0078125 0.0453125
10 0.003125 0.71484375 0.00625 0.0421875
33 0.00390625 0.69453125 0.0078125 0.0203125
20 0.2359375 0.61171875 0.01640625 0.0171875
10 0.1859375 0.609375 0.03203125 0.01171875
10 0.0984375 0.5875 0.03046875 0.01171875
10 0.234375 0.5140625 0.01328125 0.03046875
2 0.23046875 0.49765625 0.01875 0.04296875
20 0.2328125 0.46640625 0.01484375 0.01640625
27 0.25859375 0.515625 0.01875 0.02265625
23 0.2953125 0.484375 0.02578125 0.02578125
28 0.1109375 0.34765625 0.0484375 0.009375
10 0.02734375 0.35 0.03359375 0.01328125
31 0.32421875 0.35078125 0.01875 0.01171875
20 0.38125 0.353125 0.0171875 0.0171875
28 0.4453125 0.3484375 0.05859375 0.0109375
20 0.53515625 0.4375 0.01640625 0.01484375
28 0.62421875 0.48671875 0.009375 0.03203125
20 0.56875 0.54453125 0.01640625 0.0171875
10 0.67109375 0.54140625 0.03046875 0.01328125
30 0.64921875 0.5078125 0.028125 0.02109375
14 0.80703125 0.49453125 0.1609375 0.0671875
5 0.76171875 0.3890625 0.01640625 0.01484375
2 0.3328125 0.87734375 0.01875 0.04140625
7 0.3328125 0.8921875 0.0203125 0.028125
10 0.33671875 0.9171875 0.01328125 0.03203125