22 0.53125 0.4140625 0.0296875 0.0296875
22 0.815625 0.48984375 0.02890625 0.02890625
22 0.76328125 0.796875 0.0296875 0.03125
22 0.196875 0.7171875 0.02734375 0.0296875
21 0.096875 0.4125 0.0234375 0.03125
21 0.22421875 0.4125 0.021875 0.03125
21 0.09609375 0.5046875 0.02421875 0.03125
21 0.22421875 0.5046875 0.021875 0.03125
21 0.5265625 0.74765625 0.0234375 0.0328125
21 0.42109375 0.790625 0.021875 0.0328125
21 0.52578125 0.83515625 0.02421875 0.03125
20 0.59453125 0.76171875 0.01796875 0.01796875
30 0.56015625 0.7109375 0.03125 0.021875
5 0.41640625 0.828125 0.01484375 0.01484375
14 0.41953125 0.70234375 0.1046875 0.08671875
10 0.3546875 0.7375 0.01328125 0.0328125
10 0.078125 0.87265625 0.03125 0.01328125
28 0.184375 0.87578125 0.06953125 0.009375
28 0.7640625 0.965625 0.06953125 0.009375
37 0.93515625 0.92421875 0.01875 0.04609375
10 0.93515625 0.740625 0.01640625 0.04375
33 0.93515625 0.71953125 0.01875 0.0203125
20 0.69296875 0.63515625 0.01640625 0.01796875
10 0.74296875 0.6328125 0.0328125 0.0125
10 0.83203125 0.6109375 0.03125 0.0125
10 0.69453125 0.5359375 0.01328125 0.03125
2 0.6984375 0.51875 0.01875 0.04375
20 0.69609375 0.4875 0.01484375 0.01640625
27 0.66953125 0.5375 0.01875 0.0234375
23 0.6328125 0.50625 0.02578125 0.02578125
28 0.81953125 0.3671875 0.04921875 0.009375
10 0.90390625 0.36953125 0.03359375 0.01328125
31 0.603125 0.3703125 0.01875 0.0125
20 0.5453125 0.37265625 0.01796875 0.01796875
28 0.48125 0.36796875 0.06015625 0.0109375
20 0.38984375 0.45859375 0.01640625 0.01484375
28 0.29921875 0.5078125 0.009375 0.0328125
20 0.35625 0.5671875 0.01640625 0.01796875
10 0.25234375 0.5640625 0.03125 0.01328125
30 0.2734375 0.5296875 0.02890625 0.021875
14 0.1140625 0.51640625 0.16328125 0.06796875
5 0.16015625 0.409375 0.01640625 0.01484375
2 0.5953125 0.90390625 0.01875 0.0421875
7 0.59453125 0.91953125 0.0203125 0.02890625
10 0.59140625 0.94453125 0.01328125 0.0328125