22 0.471875 0.7484375 0.02890625 0.03046875
22 0.20390625 0.534375 0.02890625 0.03046875
21 0.6671875 0.8078125 0.0234375 0.0328125
21 0.86640625 0.8078125 0.021875 0.0328125
21 0.8671875 0.6578125 0.0203125 0.0328125
21 0.66796875 0.6578125 0.021875 0.0328125
20 0.59921875 0.65625 0.01953125 0.01640625
27 0.57109375 0.66796875 0.01484375 0.0203125
31 0.55390625 0.8328125 0.0140625 0.01484375
20 0.54140625 0.84375 0.01640625 0.01640625
20 0.5171875 0.84375 0.01484375 0.01640625
0 0.5328125 0.84375 0.0109375 0.01796875
13 0.53515625 0.90078125 0.01796875 0.03671875
28 0.7671875 0.88046875 0.09765625 0.0140625
10 0.9375 0.8609375 0.0125 0.0328125
16 0.9765625 0.84296875 0.00859375 0.0453125
8 0.37734375 0.8234375 0.009375 0.03984375
28 0.40078125 0.8140625 0.009375 0.04296875
23 0.465625 0.71328125 0.025 0.02734375
12 0.296875 0.8296875 0.04375 0.0109375
10 0.35546875 0.65078125 0.0109375 0.0328125
20 0.3546875 0.65859375 0.01640625 0.01484375
20 0.4671875 0.60703125 0.01640625 0.01953125
21 0.42421875 0.53671875 0.025 0.0328125
28 0.3765625 0.50234375 0.00859375 0.03125
10 0.378125 0.4078125 0.0125 0.0328125
21 0.47578125 0.35625 0.0203125 0.03125
6 0.48046875 0.309375 0.0203125 0.02578125
37 0.353125 0.29453125 0.01640625 0.04296875
33 0.35078125 0.3265625 0.0203125 0.021875
10 0.3140625 0.23671875 0.03125 0.0125
5 0.4296875 0.4796875 0.01640625 0.0140625
33 0.5703125 0.46171875 0.01953125 0.021875
10 0.575 0.4890625 0.0125 0.0328125
2 0.56953125 0.50703125 0.0203125 0.04375
10 0.0515625 0.746875 0.0125 0.0328125
28 0.19296875 0.7890625 0.09765625 0.01484375
10 0.0515625 0.32265625 0.0125 0.0328125
7 0.05546875 0.3515625 0.0203125 0.03046875
2 0.05546875 0.378125 0.0203125 0.04296875
13 0.35703125 0.22578125 0.01640625 0.03671875
25 0.38671875 0.22890625 0.02578125 0.02578125
28 0.553125 0.2796875 0.02890625 0.009375
28 0.59453125 0.25625 0.00859375 0.07265625
20 0.571875 0.3140625 0.01796875 0.01484375
20 0.59921875 0.303125 0.01640625 0.01796875
35 0.746875 0.21953125 0.215625 0.05234375
39 0.80390625 0.29609375 0.0125 0.0125
21 0.6671875 0.35859375 0.0234375 0.0328125
21 0.86640625 0.35859375 0.021875 0.0328125
21 0.8671875 0.5078125 0.0203125 0.03125
37 0.9359375 0.57421875 0.01484375 0.04140625
26 0.93359375 0.54765625 0.0203125 0.02890625
18 0.9328125 0.4140625 0.021875 0.02890625
10 0.93828125 0.3875 0.0140625 0.0328125
6 0.77109375 0.4265625 0.0234375 0.02578125
21 0.66796875 0.5078125 0.021875 0.03125
37 0.93671875 0.30859375 0.01640625 0.04296875
17 0.934375 0.27890625 0.01953125 0.03828125
24 0.9375 0.0921875 0.01484375 0.021875
10 0.89453125 0.0046875 0.0125 0.009375
7 0.6 0.00703125 0.01953125 0.0140625
10 0.596875 0.021875 0.0125 0.03046875