22 0.49921875 0.7671875 0.0265625 0.028125
22 0.7484375 0.56796875 0.0265625 0.028125
21 0.31796875 0.821875 0.021875 0.03046875
21 0.13203125 0.821875 0.0203125 0.03046875
21 0.13125 0.6828125 0.01953125 0.03046875
21 0.3171875 0.6828125 0.0203125 0.03046875
20 0.38125 0.68125 0.01796875 0.015625
27 0.40703125 0.6921875 0.0140625 0.01953125
31 0.4234375 0.84609375 0.0125 0.0140625
20 0.43515625 0.85546875 0.015625 0.015625
20 0.45703125 0.85546875 0.0140625 0.015625
0 0.4421875 0.85625 0.01015625 0.01640625
13 0.440625 0.90859375 0.01640625 0.034375
28 0.22421875 0.88984375 0.090625 0.0125
10 0.065625 0.871875 0.01171875 0.03046875
16 0.0296875 0.8546875 0.0078125 0.0421875
8 0.5875 0.83671875 0.00859375 0.03671875
28 0.565625 0.828125 0.00859375 0.03984375
23 0.50546875 0.734375 0.02265625 0.02578125
12 0.6625 0.84296875 0.040625 0.01015625
10 0.60703125 0.6765625 0.01015625 0.03046875
20 0.60859375 0.68359375 0.015625 0.0140625
20 0.50390625 0.6359375 0.015625 0.01796875
21 0.54375 0.5703125 0.02265625 0.03046875
28 0.58828125 0.5375 0.0078125 0.0296875
10 0.5859375 0.45 0.01171875 0.03046875
21 0.4953125 0.40234375 0.01953125 0.0296875
6 0.49140625 0.35859375 0.01953125 0.02421875
37 0.61015625 0.34453125 0.015625 0.03984375
33 0.61171875 0.375 0.01953125 0.0203125
10 0.64609375 0.290625 0.0296875 0.01171875
5 0.53828125 0.51640625 0.015625 0.0125
33 0.4078125 0.5 0.01796875 0.0203125
10 0.403125 0.52578125 0.01171875 0.03046875
2 0.40859375 0.5421875 0.01953125 0.040625
10 0.890625 0.765625 0.01171875 0.03046875
28 0.75859375 0.8046875 0.090625 0.0140625
28 0.9546875 0.56875 0.01171875 0.14453125
10 0.890625 0.37109375 0.01171875 0.03046875
7 0.88671875 0.39765625 0.01953125 0.028125
2 0.88671875 0.42265625 0.01953125 0.03984375
13 0.60625 0.28046875 0.015625 0.034375
25 0.57890625 0.28359375 0.02421875 0.02421875
28 0.42421875 0.33046875 0.0265625 0.00859375
28 0.38515625 0.30859375 0.0078125 0.06796875
20 0.40625 0.3625 0.01640625 0.0140625
20 0.38125 0.35234375 0.015625 0.01640625
35 0.24375 0.275 0.20078125 0.0484375
39 0.18984375 0.34609375 0.01171875 0.01171875
21 0.31796875 0.40390625 0.021875 0.03046875
21 0.13203125 0.40390625 0.0203125 0.03046875
21 0.13125 0.54296875 0.01953125 0.0296875
37 0.0671875 0.6046875 0.0140625 0.03828125
26 0.06953125 0.5796875 0.01953125 0.0265625
18 0.0703125 0.45625 0.0203125 0.0265625
10 0.06484375 0.43125 0.0125 0.03046875
6 0.2203125 0.4671875 0.021875 0.02421875
21 0.3171875 0.54296875 0.0203125 0.0296875
37 0.06640625 0.35703125 0.015625 0.03984375
17 0.06875 0.3296875 0.01796875 0.0359375
24 0.065625 0.15625 0.0140625 0.0203125
10 0.10546875 0.06328125 0.01171875 0.03203125
28 0.24453125 0.04375 0.1359375 0.01015625
7 0.3796875 0.0703125 0.01796875 0.02578125
2 0.37890625 0.0578125 0.01953125 0.03828125
10 0.3828125 0.090625 0.01171875 0.028125