22 0.50078125 0.22734375 0.02734375 0.02890625
22 0.75390625 0.4296875 0.02734375 0.02890625
21 0.31640625 0.17109375 0.021875 0.03125
21 0.12734375 0.17109375 0.02109375 0.03125
21 0.1265625 0.31328125 0.01953125 0.03125
21 0.315625 0.31328125 0.02109375 0.03125
20 0.38046875 0.3140625 0.01796875 0.015625
27 0.40703125 0.303125 0.0140625 0.01953125
31 0.4234375 0.14765625 0.01328125 0.0140625
20 0.43515625 0.1375 0.015625 0.015625
20 0.4578125 0.1375 0.0140625 0.015625
0 0.44296875 0.13671875 0.01015625 0.0171875
13 0.440625 0.08359375 0.0171875 0.03515625
28 0.22109375 0.10234375 0.0921875 0.01328125
10 0.06015625 0.12109375 0.01171875 0.03125
16 0.0234375 0.13828125 0.0078125 0.04296875
8 0.590625 0.15625 0.009375 0.0375
28 0.56796875 0.165625 0.009375 0.040625
23 0.50625 0.2609375 0.0234375 0.02578125
12 0.66640625 0.15078125 0.04140625 0.01015625
10 0.61015625 0.31953125 0.01015625 0.03125
20 0.61171875 0.3125 0.015625 0.0140625
20 0.50546875 0.3609375 0.015625 0.01796875
21 0.5453125 0.42734375 0.0234375 0.03125
28 0.590625 0.46015625 0.0078125 0.0296875
10 0.5890625 0.54921875 0.01171875 0.03125
21 0.496875 0.5984375 0.01953125 0.0296875
6 0.49296875 0.6421875 0.01953125 0.025
37 0.61328125 0.65625 0.015625 0.040625
33 0.61484375 0.62578125 0.01953125 0.02109375
10 0.65 0.7109375 0.0296875 0.01171875
5 0.540625 0.48203125 0.015625 0.01328125
33 0.4078125 0.4984375 0.01796875 0.02109375
10 0.403125 0.47265625 0.01171875 0.03125
2 0.40859375 0.45546875 0.01953125 0.04140625
10 0.8984375 0.22890625 0.01171875 0.03125
28 0.7640625 0.1890625 0.0921875 0.0140625
28 0.96328125 0.42890625 0.01171875 0.146875
10 0.8984375 0.6296875 0.01171875 0.03125
7 0.89453125 0.60234375 0.01953125 0.02890625
2 0.89453125 0.57734375 0.01953125 0.040625
13 0.609375 0.72109375 0.015625 0.03515625
25 0.58125 0.71875 0.025 0.025
28 0.42421875 0.67109375 0.02734375 0.009375
28 0.384375 0.69296875 0.0078125 0.06875
20 0.40546875 0.63828125 0.0171875 0.0140625
20 0.38046875 0.6484375 0.015625 0.0171875
35 0.240625 0.72734375 0.20390625 0.04921875
39 0.18671875 0.65546875 0.01171875 0.01171875
21 0.31640625 0.59609375 0.021875 0.03125
21 0.12734375 0.59609375 0.02109375 0.03125
21 0.1265625 0.45546875 0.01953125 0.0296875
37 0.06171875 0.3921875 0.0140625 0.0390625
26 0.0640625 0.4171875 0.01953125 0.02734375
18 0.06484375 0.54375 0.02109375 0.02734375
10 0.059375 0.56875 0.01328125 0.03125
6 0.2171875 0.53203125 0.021875 0.025
21 0.315625 0.45546875 0.02109375 0.0296875
37 0.0609375 0.64375 0.015625 0.040625
17 0.06328125 0.67109375 0.01796875 0.03671875
24 0.06015625 0.8484375 0.0140625 0.02109375
10 0.10078125 0.9421875 0.01171875 0.0328125
28 0.24140625 0.9625 0.1375 0.01015625
7 0.37890625 0.93515625 0.01796875 0.02578125
2 0.37890625 0.9484375 0.01953125 0.0390625
10 0.3828125 0.9140625 0.01171875 0.02890625