22 0.2515625 0.7015625 0.0296875 0.025
22 0.709375 0.70234375 0.03359375 0.02578125
22 0.44921875 0.51484375 0.03359375 0.025
22 0.728125 0.24453125 0.0328125 0.025
22 0.2828125 0.225 0.03125 0.025
21 0.10625 0.51328125 0.0234375 0.02734375
21 0.21328125 0.51328125 0.025 0.02734375
21 0.2140625 0.421875 0.02578125 0.02578125
21 0.10703125 0.421875 0.021875 0.02578125
10 0.06953125 0.30546875 0.0140625 0.025
10 0.06953125 0.14375 0.01171875 0.025
28 0.2671875 0.11171875 0.090625 0.01015625
10 0.52109375 0.2484375 0.0140625 0.02734375
10 0.4984375 0.21796875 0.01328125 0.02578125
2 0.49453125 0.23125 0.02109375 0.03125
28 0.7375 0.1125 0.1015625 0.009375
10 0.93515625 0.1609375 0.01328125 0.02578125
10 0.9359375 0.325 0.0140625 0.02578125
21 0.875 0.509375 0.025 0.02890625
21 0.76328125 0.509375 0.025 0.02578125
21 0.81796875 0.4265625 0.02890625 0.02734375
5 0.85859375 0.440625 0.015625 0.01328125
30 0.90546875 0.5390625 0.02734375 0.02890625
20 0.86640625 0.56796875 0.01796875 0.0140625
37 0.90625 0.6375 0.02109375 0.0234375
33 0.90625 0.61796875 0.02109375 0.015625
10 0.6875 0.5671875 0.03515625 0.01171875
20 0.62890625 0.56875 0.015625 0.015625
20 0.5015625 0.54453125 0.0171875 0.0140625
28 0.45390625 0.54765625 0.0453125 0.01171875
20 0.28125 0.56875 0.01953125 0.01328125
20 0.27734375 0.4671875 0.01953125 0.0171875
20 0.2765625 0.35625 0.01796875 0.0140625
31 0.275 0.43515625 0.015625 0.015625
30 0.1 0.540625 0.02578125 0.02578125
5 0.1375 0.4515625 0.01796875 0.01328125
14 0.16015625 0.37734375 0.1984375 0.05859375
10 0.09453125 0.65703125 0.0140625 0.02578125
10 0.0953125 0.81953125 0.0140625 0.02890625
28 0.2828125 0.8375 0.08984375 0.01015625
10 0.4859375 0.77890625 0.015625 0.02578125
10 0.50859375 0.7875 0.0140625 0.025
33 0.5125 0.8109375 0.01953125 0.021875
2 0.51171875 0.82890625 0.02109375 0.02890625
28 0.72421875 0.83671875 0.11328125 0.009375
37 0.90546875 0.8 0.01953125 0.02578125
14 0.69453125 0.51015625 0.1015625 0.0859375
23 0.5921875 0.71171875 0.03125 0.0234375
23 0.534375 0.515625 0.0296875 0.02109375
27 0.62421875 0.503125 0.01953125 0.0171875
20 0.62734375 0.3734375 0.02109375 0.0140625