22 0.2515625 0.29609375 0.0296875 0.02421875
22 0.7046875 0.2953125 0.03359375 0.02578125
22 0.44765625 0.48125 0.03359375 0.02421875
22 0.72265625 0.7484375 0.03203125 0.02421875
22 0.2828125 0.76796875 0.03046875 0.02421875
21 0.1078125 0.4828125 0.0234375 0.02734375
21 0.2140625 0.4828125 0.02421875 0.02734375
21 0.21484375 0.5734375 0.02578125 0.02578125
21 0.10859375 0.5734375 0.021875 0.02578125
10 0.07109375 0.68828125 0.0140625 0.02421875
10 0.07109375 0.84921875 0.01171875 0.02421875
28 0.2671875 0.88046875 0.08984375 0.01015625
10 0.51875 0.74453125 0.0140625 0.02734375
10 0.49609375 0.775 0.0125 0.02578125
2 0.4921875 0.7625 0.0203125 0.03046875
28 0.7328125 0.8796875 0.1 0.009375
10 0.928125 0.83125 0.0125 0.02578125
10 0.92890625 0.66953125 0.0140625 0.02578125
21 0.86796875 0.4875 0.02421875 0.028125
21 0.7578125 0.4875 0.02421875 0.02578125
21 0.8125 0.56875 0.028125 0.02734375
5 0.85234375 0.55546875 0.015625 0.0125
30 0.89921875 0.4578125 0.02734375 0.028125
20 0.86015625 0.42890625 0.01796875 0.0140625
37 0.9 0.36015625 0.0203125 0.0234375
33 0.9 0.37890625 0.0203125 0.015625
10 0.6828125 0.4296875 0.034375 0.01171875
20 0.625 0.428125 0.015625 0.015625
20 0.49921875 0.4515625 0.01640625 0.0140625
28 0.4515625 0.44921875 0.0453125 0.01171875
20 0.28046875 0.428125 0.01953125 0.0125
20 0.27734375 0.52890625 0.01953125 0.01640625
20 0.2765625 0.63828125 0.01796875 0.0140625
31 0.275 0.56015625 0.015625 0.015625
30 0.1015625 0.45625 0.02578125 0.02578125
5 0.1390625 0.54375 0.01796875 0.0125
14 0.1609375 0.61796875 0.196875 0.0578125
10 0.09609375 0.340625 0.0140625 0.02578125
10 0.096875 0.1796875 0.0140625 0.028125
28 0.28203125 0.16171875 0.0890625 0.01015625
10 0.48359375 0.21953125 0.015625 0.02578125
10 0.50546875 0.21171875 0.0140625 0.02421875
33 0.509375 0.18828125 0.01953125 0.021875
2 0.509375 0.17109375 0.0203125 0.028125
28 0.71953125 0.1625 0.11171875 0.009375
37 0.89921875 0.19921875 0.01953125 0.02578125
14 0.68984375 0.4859375 0.1 0.08515625
23 0.5890625 0.28671875 0.03046875 0.0234375
23 0.53125 0.48046875 0.0296875 0.0203125
27 0.6203125 0.49296875 0.01953125 0.01640625
20 0.6234375 0.62109375 0.0203125 0.0140625