22 0.75546875 0.28828125 0.02890625 0.02421875
22 0.30625 0.2875 0.0328125 0.02578125
22 0.5609375 0.47109375 0.0328125 0.02421875
22 0.28828125 0.7359375 0.03203125 0.02421875
22 0.72421875 0.75546875 0.03046875 0.02421875
21 0.896875 0.47265625 0.02265625 0.0265625
21 0.7921875 0.47265625 0.02421875 0.0265625
21 0.79140625 0.5625 0.02578125 0.02578125
21 0.89609375 0.5625 0.021875 0.02578125
10 0.93359375 0.6765625 0.0140625 0.02421875
10 0.93359375 0.83515625 0.01171875 0.02421875
28 0.7390625 0.86640625 0.0890625 0.01015625
10 0.490625 0.73203125 0.0140625 0.0265625
10 0.5125 0.76171875 0.0125 0.02578125
2 0.51640625 0.74921875 0.0203125 0.03046875
28 0.27890625 0.865625 0.09921875 0.00859375
10 0.08515625 0.81796875 0.0125 0.02578125
10 0.084375 0.6578125 0.0140625 0.02578125
21 0.14453125 0.47734375 0.02421875 0.028125
21 0.25390625 0.47734375 0.02421875 0.02578125
21 0.2 0.5578125 0.028125 0.0265625
5 0.16015625 0.54453125 0.015625 0.0125
30 0.1140625 0.44765625 0.0265625 0.028125
20 0.15234375 0.41953125 0.01796875 0.0140625
37 0.11328125 0.35078125 0.0203125 0.02265625
33 0.11328125 0.3703125 0.0203125 0.015625
10 0.32734375 0.4203125 0.034375 0.01171875
20 0.38515625 0.41875 0.015625 0.015625
20 0.509375 0.4421875 0.01640625 0.0140625
28 0.55625 0.43984375 0.04453125 0.01171875
20 0.72578125 0.41875 0.01875 0.0125
20 0.7296875 0.51875 0.01875 0.01640625
20 0.73046875 0.6265625 0.01796875 0.0140625
31 0.73125 0.55 0.015625 0.015625
30 0.903125 0.446875 0.02578125 0.02578125
5 0.86640625 0.5328125 0.01796875 0.0125
14 0.84453125 0.60625 0.19453125 0.05703125
10 0.909375 0.33203125 0.0140625 0.02578125
10 0.9078125 0.17265625 0.0140625 0.028125
28 0.72421875 0.15546875 0.0875 0.01015625
10 0.52578125 0.2125 0.015625 0.02578125
10 0.503125 0.20390625 0.0140625 0.02421875
33 0.49921875 0.18125 0.01875 0.021875
2 0.5 0.1640625 0.0203125 0.028125
28 0.2921875 0.15546875 0.1109375 0.00859375
37 0.1140625 0.1921875 0.01875 0.02578125
14 0.3203125 0.47578125 0.09921875 0.08359375
23 0.42109375 0.27890625 0.03046875 0.02265625
23 0.478125 0.47109375 0.02890625 0.0203125
27 0.38984375 0.4828125 0.01875 0.01640625
20 0.38671875 0.61015625 0.0203125 0.0140625