22 0.2984375 0.32734375 0.034375 0.02421875
22 0.66796875 0.58203125 0.0328125 0.02421875
22 0.29140625 0.678125 0.03203125 0.02421875
22 0.55625 0.815625 0.03203125 0.021875
22 0.8015625 0.815625 0.034375 0.02421875
21 0.52890625 0.228125 0.025 0.025
21 0.5296875 0.32890625 0.02421875 0.025
21 0.5296875 0.43125 0.02421875 0.0265625
21 0.671875 0.228125 0.02421875 0.025
21 0.671875 0.32890625 0.02421875 0.025
21 0.671875 0.43046875 0.02421875 0.025
21 0.8125 0.228125 0.025 0.025
21 0.81328125 0.32890625 0.02421875 0.025
21 0.81328125 0.43046875 0.02421875 0.025
21 0.78828125 0.52421875 0.02265625 0.025
21 0.896875 0.52421875 0.02421875 0.025
28 0.7453125 0.51171875 0.0125 0.03203125
27 0.721875 0.59765625 0.01796875 0.01484375
10 0.8390625 0.6015625 0.03515625 0.01015625
8 0.89609375 0.471875 0.040625 0.0078125
20 0.86171875 0.475 0.01796875 0.0125
12 0.953125 0.42265625 0.01015625 0.03515625
13 0.9875 0.465625 0.025 0.01484375
21 0.8421875 0.65625 0.02421875 0.0265625
28 0.83671875 0.7046875 0.0984375 0.0078125
28 0.86875 0.69140625 0.04453125 0.0078125
20 0.75390625 0.7078125 0.01640625 0.0125
23 0.6671875 0.72421875 0.03046875 0.0203125
10 0.4453125 0.4546875 0.034375 0.01015625
10 0.4921875 0.5875 0.0125 0.025
38 0.51484375 0.54765625 0.00859375 0.03671875
37 0.48828125 0.5015625 0.021875 0.02421875
33 0.48828125 0.48203125 0.0203125 0.0140625
33 0.521875 0.48203125 0.02265625 0.01640625
10 0.5171875 0.5015625 0.0140625 0.02265625
2 0.5203125 0.52734375 0.0203125 0.02890625
27 0.590625 0.4515625 0.01875 0.0125
20 0.60078125 0.45234375 0.01875 0.0140625
20 0.61796875 0.475 0.01640625 0.0140625
28 0.09140625 0.546875 0.0125 0.0484375
10 0.16484375 0.47265625 0.034375 0.01171875
10 0.1171875 0.32265625 0.0140625 0.025
10 0.11640625 0.09921875 0.0125 0.02421875
7 0.11953125 0.121875 0.01875 0.0203125
2 0.11953125 0.13984375 0.01875 0.02890625
13 0.47578125 0.0390625 0.0203125 0.02265625
10 0.475 0.0515625 0.03671875 0.00859375
10 0.46015625 0.08515625 0.03671875 0.01015625
20 0.45546875 0.08671875 0.01484375 0.0140625
37 0.553125 0.2015625 0.0328125 0.0140625
25 0.70859375 0.1546875 0.03046875 0.021875
39 0.68828125 0.2140625 0.0140625 0.01015625
6 0.7453125 0.2734375 0.025 0.0203125
10 0.9328125 0.721875 0.01484375 0.025
5 0.88828125 0.65390625 0.01640625 0.0140625
6 0.86875 0.5 0.0265625 0.0203125
10 0.93359375 0.8671875 0.0140625 0.025
16 0.97734375 0.8765625 0.01015625 0.034375
20 0.575 0.88046875 0.0203125 0.0140625
0 0.6046875 0.88125 0.0140625 0.0125
20 0.42578125 0.8015625 0.01875 0.0140625
21 0.51328125 0.93984375 0.02421875 0.0265625
10 0.478125 0.778125 0.034375 0.0125
10 0.49140625 0.7453125 0.01484375 0.025
28 0.25625 0.96015625 0.11015625 0.00859375
7 0.0953125 0.87109375 0.01875 0.0203125
10 0.09140625 0.8484375 0.0140625 0.02265625
2 0.0953125 0.8359375 0.0203125 0.02890625
37 0.86640625 0.20234375 0.03203125 0.01484375
24 0.9578125 0.22265625 0.01640625 0.01796875
10 0.91015625 0.20859375 0.0125 0.02265625
17 0.90546875 0.21796875 0.01875 0.03046875
18 0.90546875 0.23828125 0.01875 0.0203125
26 0.90546875 0.35078125 0.01875 0.0203125
29 0.9015625 0.303125 0.025 0.01875