22 0.7421875 0.3140625 0.0359375 0.025
22 0.35234375 0.58203125 0.034375 0.025
22 0.7484375 0.68359375 0.03359375 0.025
22 0.4703125 0.82890625 0.03359375 0.02265625
22 0.21171875 0.82890625 0.0359375 0.025
21 0.4984375 0.209375 0.0265625 0.0265625
21 0.49765625 0.315625 0.025 0.0265625
21 0.49765625 0.4234375 0.025 0.028125
21 0.3484375 0.209375 0.025 0.0265625
21 0.3484375 0.315625 0.025 0.0265625
21 0.3484375 0.42265625 0.025 0.0265625
21 0.2 0.209375 0.0265625 0.0265625
21 0.19921875 0.315625 0.025 0.0265625
21 0.19921875 0.42265625 0.025 0.0265625
21 0.225 0.52109375 0.02421875 0.0265625
21 0.11171875 0.52109375 0.025 0.0265625
28 0.2703125 0.50859375 0.01328125 0.03359375
27 0.29609375 0.5984375 0.01875 0.015625
10 0.171875 0.60234375 0.0375 0.0109375
8 0.11171875 0.46640625 0.04296875 0.0078125
20 0.14765625 0.46953125 0.01875 0.01328125
12 0.05234375 0.41484375 0.0109375 0.0375
13 0.01484375 0.46015625 0.0296875 0.015625
21 0.16875 0.6609375 0.025 0.028125
28 0.175 0.71171875 0.10390625 0.0078125
28 0.140625 0.69765625 0.046875 0.0078125
20 0.26171875 0.71484375 0.0171875 0.01328125
23 0.353125 0.73203125 0.03203125 0.02109375
10 0.5875 0.44765625 0.0359375 0.0109375
10 0.5375 0.58828125 0.01328125 0.0265625
38 0.5140625 0.54609375 0.009375 0.03828125
37 0.5421875 0.49765625 0.02265625 0.025
33 0.54140625 0.4765625 0.02109375 0.01484375
33 0.50703125 0.4765625 0.02421875 0.0171875
10 0.51171875 0.49765625 0.01484375 0.02421875
2 0.5078125 0.525 0.02109375 0.03046875
27 0.434375 0.4453125 0.0203125 0.01328125
20 0.4234375 0.44609375 0.0203125 0.01484375
20 0.4046875 0.4703125 0.0171875 0.01484375
28 0.96015625 0.5453125 0.01328125 0.05078125
10 0.88203125 0.4671875 0.0359375 0.01171875
10 0.9328125 0.309375 0.01484375 0.0265625
10 0.93359375 0.07421875 0.01328125 0.025
7 0.9296875 0.09765625 0.0203125 0.02109375
2 0.9296875 0.11640625 0.0203125 0.03046875
13 0.5546875 0.01171875 0.02109375 0.02265625
10 0.55546875 0.0234375 0.03828125 0.009375
10 0.57109375 0.05859375 0.03828125 0.0109375
20 0.57578125 0.0609375 0.015625 0.01484375
37 0.4734375 0.18203125 0.034375 0.01484375
25 0.309375 0.1328125 0.03203125 0.02265625
39 0.33125 0.19453125 0.01484375 0.0109375
6 0.2703125 0.25703125 0.0265625 0.02109375
10 0.0734375 0.7296875 0.015625 0.0265625
5 0.1203125 0.6578125 0.0171875 0.01484375
6 0.140625 0.49609375 0.028125 0.02109375
10 0.07265625 0.8828125 0.01484375 0.0265625
16 0.0265625 0.89296875 0.0109375 0.0359375
20 0.45078125 0.896875 0.02109375 0.01484375
0 0.41953125 0.89765625 0.01484375 0.01328125
20 0.60703125 0.8140625 0.0203125 0.01484375
21 0.515625 0.959375 0.025 0.028125
10 0.55234375 0.7890625 0.0359375 0.01328125
10 0.53828125 0.7546875 0.015625 0.0265625
28 0.7859375 0.98046875 0.115625 0.009375
7 0.95546875 0.88671875 0.0203125 0.02109375
10 0.959375 0.8625 0.01484375 0.02421875
2 0.95625 0.85 0.02109375 0.03046875
37 0.14296875 0.1828125 0.03359375 0.015625
24 0.04765625 0.20390625 0.0171875 0.01875
10 0.09765625 0.1890625 0.01328125 0.02421875
17 0.10234375 0.1984375 0.0203125 0.03203125
18 0.10234375 0.2203125 0.0203125 0.02109375
26 0.10234375 0.33828125 0.0203125 0.02109375
29 0.10703125 0.28828125 0.0265625 0.0203125