22 0.27109375 0.303125 0.0359375 0.025
22 0.65703125 0.56796875 0.034375 0.025
22 0.26484375 0.66796875 0.0328125 0.025
22 0.540625 0.81171875 0.0328125 0.02265625
22 0.79609375 0.81171875 0.0359375 0.025
21 0.51171875 0.19921875 0.0265625 0.0265625
21 0.5125 0.3046875 0.025 0.0265625
21 0.5125 0.4109375 0.025 0.02734375
21 0.66015625 0.19921875 0.025 0.0265625
21 0.66015625 0.3046875 0.025 0.0265625
21 0.66015625 0.41015625 0.025 0.0265625
21 0.80703125 0.19921875 0.0265625 0.0265625
21 0.8078125 0.3046875 0.025 0.0265625
21 0.8078125 0.41015625 0.025 0.0265625
21 0.78203125 0.5078125 0.0234375 0.0265625
21 0.8953125 0.5078125 0.025 0.0265625
28 0.7375 0.4953125 0.01328125 0.0328125
27 0.7125 0.584375 0.01875 0.015625
10 0.83515625 0.58828125 0.03671875 0.0109375
8 0.89453125 0.45390625 0.0421875 0.0078125
20 0.85859375 0.45625 0.01875 0.01328125
12 0.95390625 0.40234375 0.0109375 0.03671875
13 0.98828125 0.446875 0.0234375 0.015625
21 0.83828125 0.64609375 0.025 0.02734375
28 0.8328125 0.696875 0.103125 0.0078125
28 0.86640625 0.68203125 0.04609375 0.0078125
20 0.74609375 0.69921875 0.0171875 0.01328125
23 0.65546875 0.71640625 0.03203125 0.02109375
10 0.42421875 0.43515625 0.0359375 0.0109375
10 0.4734375 0.57421875 0.01328125 0.0265625
38 0.496875 0.53203125 0.009375 0.03828125
37 0.46875 0.48515625 0.02265625 0.025
33 0.46953125 0.4640625 0.02109375 0.01484375
33 0.50390625 0.4640625 0.0234375 0.0171875
10 0.49921875 0.484375 0.01484375 0.0234375
2 0.50234375 0.5109375 0.02109375 0.03046875
27 0.57578125 0.4328125 0.01953125 0.01328125
20 0.58671875 0.43359375 0.01953125 0.01484375
20 0.6046875 0.45703125 0.0171875 0.01484375
28 0.05546875 0.53203125 0.01328125 0.05
10 0.1328125 0.4546875 0.0359375 0.01171875
10 0.0828125 0.2984375 0.01484375 0.0265625
10 0.08203125 0.065625 0.01328125 0.025
7 0.08515625 0.08828125 0.01953125 0.02109375
2 0.08515625 0.1078125 0.01953125 0.03046875
13 0.45546875 0.00703125 0.0203125 0.0140625
10 0.45546875 0.01484375 0.03828125 0.009375
10 0.43984375 0.05 0.03828125 0.0109375
20 0.43515625 0.05234375 0.015625 0.01484375
37 0.53671875 0.171875 0.034375 0.01484375
25 0.69921875 0.1234375 0.03203125 0.02265625
39 0.67734375 0.184375 0.01484375 0.0109375
6 0.7375 0.246875 0.0265625 0.02109375
10 0.9328125 0.7140625 0.015625 0.0265625
5 0.8859375 0.64296875 0.0171875 0.01484375
6 0.86640625 0.4828125 0.02734375 0.02109375
10 0.93359375 0.865625 0.01484375 0.0265625
16 0.97890625 0.875 0.0109375 0.0359375
20 0.559375 0.87890625 0.02109375 0.01484375
0 0.590625 0.8796875 0.01484375 0.01328125
20 0.4046875 0.79765625 0.01953125 0.01484375
21 0.4953125 0.94140625 0.025 0.02734375
10 0.45859375 0.7734375 0.0359375 0.01328125
10 0.47265625 0.7390625 0.015625 0.0265625
28 0.22734375 0.9625 0.11484375 0.009375
7 0.06015625 0.86953125 0.01953125 0.02109375
10 0.05625 0.8453125 0.01484375 0.0234375
2 0.059375 0.8328125 0.02109375 0.03046875
37 0.86328125 0.17265625 0.0328125 0.015625
24 0.95859375 0.19375 0.0171875 0.01875
10 0.90859375 0.1796875 0.01328125 0.0234375
17 0.9046875 0.18828125 0.01953125 0.03203125
18 0.9046875 0.209375 0.01953125 0.02109375
26 0.9046875 0.32734375 0.01953125 0.02109375
29 0.9 0.27734375 0.0265625 0.01953125