22 0.22578125 0.71328125 0.03515625 0.0234375
22 0.6734375 0.7140625 0.03203125 0.02734375
22 0.41796875 0.52421875 0.0296875 0.0234375
22 0.25703125 0.23203125 0.03125 0.02421875
22 0.6921875 0.2515625 0.03125 0.02421875
21 0.8359375 0.51875 0.0234375 0.02734375
21 0.725 0.5171875 0.02578125 0.02734375
21 0.78125 0.434375 0.02421875 0.02578125
21 0.08359375 0.521875 0.0234375 0.028125
21 0.1875 0.521875 0.02578125 0.028125
21 0.18828125 0.4296875 0.02421875 0.02734375
21 0.08359375 0.4296875 0.02421875 0.02734375
10 0.89453125 0.33125 0.0140625 0.02734375
10 0.89453125 0.1671875 0.0140625 0.02734375
28 0.70078125 0.1171875 0.09921875 0.009375
20 0.5921875 0.3796875 0.01640625 0.015625
2 0.4640625 0.25234375 0.01796875 0.0296875
10 0.46796875 0.22578125 0.01328125 0.02734375
10 0.48984375 0.25546875 0.01328125 0.02578125
28 0.240625 0.115625 0.08671875 0.009375
10 0.046875 0.146875 0.0140625 0.02734375
10 0.046875 0.3125 0.0140625 0.02578125
20 0.25078125 0.4765625 0.01796875 0.015625
20 0.25078125 0.365625 0.01796875 0.01328125
31 0.246875 0.44453125 0.01328125 0.01328125
30 0.075 0.54921875 0.0203125 0.028125
5 0.11328125 0.459375 0.01953125 0.0140625
14 0.1359375 0.38359375 0.1953125 0.059375
20 0.25390625 0.578125 0.01953125 0.0140625
28 0.421875 0.55703125 0.0453125 0.01015625
14 0.6578125 0.51875 0.0953125 0.0890625
27 0.5921875 0.51328125 0.01953125 0.015625
20 0.47109375 0.5546875 0.01640625 0.0140625
23 0.50234375 0.525 0.028125 0.021875
23 0.55859375 0.7234375 0.02734375 0.0203125
20 0.5953125 0.57890625 0.015625 0.01328125
10 0.65078125 0.5765625 0.0359375 0.01015625
33 0.865625 0.6296875 0.0203125 0.01640625
37 0.8671875 0.64765625 0.0203125 0.02421875
20 0.828125 0.578125 0.015625 0.0140625
37 0.865625 0.81171875 0.0234375 0.02734375
28 0.68828125 0.85 0.1109375 0.0078125
10 0.45390625 0.79140625 0.0140625 0.02734375
10 0.47890625 0.79921875 0.0140625 0.02734375
2 0.48046875 0.82734375 0.01796875 0.02734375
7 0.48046875 0.8171875 0.01796875 0.021875
28 0.2546875 0.85234375 0.090625 0.009375
10 0.071875 0.83125 0.0140625 0.02734375
10 0.071875 0.66640625 0.0140625 0.028125
30 0.8671875 0.54921875 0.0234375 0.03125
5 0.81953125 0.4484375 0.01640625 0.01328125