22 0.7109375 0.67578125 0.03359375 0.0265625
22 0.7171875 0.29375 0.0375 0.0234375
22 0.3109375 0.39453125 0.0359375 0.028125
22 0.16875 0.14140625 0.034375 0.028125
22 0.43359375 0.1421875 0.0359375 0.0265625
21 0.15625 0.784375 0.0265625 0.02890625
21 0.309375 0.784375 0.0265625 0.02890625
21 0.15625 0.67421875 0.02890625 0.0265625
21 0.309375 0.6734375 0.025 0.028125
21 0.15625 0.56328125 0.0265625 0.02890625
21 0.309375 0.5625 0.0265625 0.028125
21 0.46171875 0.784375 0.0265625 0.03046875
21 0.4625 0.6734375 0.025 0.028125
21 0.4609375 0.5625 0.028125 0.028125
10 0.53828125 0.940625 0.04296875 0.0140625
20 0.54140625 0.93828125 0.01640625 0.015625
13 0.5203125 0.98828125 0.02109375 0.0234375
10 0.51953125 0.97734375 0.0390625 0.009375
25 0.26875 0.86328125 0.03203125 0.0234375
37 0.43671875 0.81328125 0.034375 0.01796875
39 0.29140625 0.7984375 0.0140625 0.0109375
37 0.1015625 0.8125 0.03359375 0.01640625
24 0.00546875 0.7953125 0.0109375 0.01796875
37 0.0578125 0.8046875 0.02109375 0.0265625
17 0.05625 0.77890625 0.02109375 0.025
18 0.05703125 0.76796875 0.021875 0.01953125
6 0.23671875 0.734375 0.02890625 0.021875
29 0.07109375 0.703125 0.028125 0.021875
26 0.05859375 0.646875 0.021875 0.02109375
12 0.00703125 0.571875 0.00859375 0.0375
21 0.065625 0.4609375 0.028125 0.028125
21 0.184375 0.46015625 0.02890625 0.0265625
28 0.22890625 0.47421875 0.0109375 0.034375
6 0.10625 0.4875 0.0265625 0.021875
20 0.10390625 0.51484375 0.01953125 0.015625
8 0.06796875 0.51796875 0.04453125 0.00859375
10 0.128125 0.37578125 0.0375 0.009375
27 0.25546875 0.3796875 0.01953125 0.01796875
5 0.0765625 0.31875 0.01640625 0.0125
21 0.12578125 0.315625 0.0265625 0.02890625
28 0.096875 0.278125 0.046875 0.00859375
28 0.12890625 0.2625 0.10546875 0.00859375
20 0.221875 0.26015625 0.01796875 0.015625
10 0.02734375 0.24453125 0.015625 0.03046875
10 0.02734375 0.084375 0.015625 0.03046875
20 0.41328125 0.071875 0.02109375 0.015625
15 0.3671875 0.071875 0.02890625 0.015625
0 0.38046875 0.0703125 0.0140625 0.0125
21 0.478125 0.0109375 0.028125 0.021875
23 0.3140625 0.240625 0.03359375 0.0234375
10 0.55234375 0.53671875 0.040625 0.0125
33 0.50703125 0.50703125 0.021875 0.01640625
33 0.471875 0.5078125 0.02109375 0.015625
37 0.50703125 0.4859375 0.021875 0.025
10 0.4765625 0.48515625 0.0140625 0.0265625
2 0.471875 0.47265625 0.021875 0.03203125
38 0.47890625 0.434375 0.00859375 0.0375
10 0.503125 0.39140625 0.0140625 0.028125
20 0.38515625 0.5390625 0.02109375 0.0140625
20 0.36640625 0.51484375 0.01953125 0.015625
10 0.90546875 0.68125 0.01640625 0.0265625
10 0.90546875 0.92421875 0.01640625 0.0265625
32 0.903125 0.90703125 0.01953125 0.01953125
2 0.90234375 0.89453125 0.02109375 0.028125
10 0.8515625 0.515625 0.0359375 0.0125
28 0.934375 0.43671875 0.0125 0.0515625
10 0.93203125 0.10859375 0.0140625 0.025
2 0.928125 0.13828125 0.021875 0.03203125
7 0.928125 0.08984375 0.01953125 0.0234375
20 0.57421875 0.1578125 0.02109375 0.015625
10 0.503125 0.21875 0.0140625 0.02890625
10 0.5171875 0.1828125 0.0375 0.0125