22 0.26953125 0.303125 0.03203125 0.025
22 0.26328125 0.6703125 0.0359375 0.02265625
22 0.653125 0.5734375 0.034375 0.0265625
22 0.78984375 0.815625 0.03359375 0.0265625
22 0.5359375 0.815625 0.034375 0.025
21 0.80234375 0.19921875 0.025 0.028125
21 0.65546875 0.19921875 0.025 0.028125
21 0.80234375 0.3046875 0.028125 0.025
21 0.6546875 0.30546875 0.02421875 0.0265625
21 0.80234375 0.41171875 0.025 0.028125
21 0.65546875 0.41171875 0.025 0.0265625
21 0.50859375 0.1984375 0.025 0.0296875
21 0.5078125 0.30546875 0.02421875 0.0265625
21 0.509375 0.41171875 0.0265625 0.0265625
10 0.43515625 0.04921875 0.04140625 0.01328125
20 0.43203125 0.0515625 0.015625 0.01484375
13 0.45234375 0.00703125 0.0203125 0.0140625
10 0.453125 0.0140625 0.0375 0.009375
25 0.69375 0.1234375 0.03046875 0.02265625
37 0.5328125 0.17109375 0.03359375 0.0171875
39 0.671875 0.18515625 0.01328125 0.0109375
37 0.8546875 0.171875 0.03203125 0.015625
24 0.95078125 0.18828125 0.01875 0.0171875
37 0.896875 0.1796875 0.0203125 0.025
17 0.89765625 0.20390625 0.0203125 0.02421875
18 0.89765625 0.21484375 0.02109375 0.01875
6 0.725 0.246875 0.028125 0.02109375
29 0.884375 0.27734375 0.0265625 0.02109375
26 0.89609375 0.33125 0.02109375 0.0203125
12 0.9453125 0.403125 0.0078125 0.0359375
13 0.984375 0.44921875 0.03046875 0.015625
21 0.8890625 0.509375 0.0265625 0.0265625
21 0.775 0.51015625 0.028125 0.025
28 0.73203125 0.496875 0.0109375 0.03359375
6 0.85 0.484375 0.025 0.02109375
20 0.85234375 0.4578125 0.01875 0.01484375
8 0.88671875 0.4546875 0.04296875 0.0078125
10 0.82890625 0.59140625 0.0359375 0.009375
27 0.70703125 0.5875 0.01875 0.0171875
5 0.87890625 0.64609375 0.015625 0.01171875
21 0.83125 0.6484375 0.025 0.028125
28 0.85859375 0.68515625 0.0453125 0.0078125
28 0.828125 0.7 0.1015625 0.0078125
20 0.7390625 0.70234375 0.0171875 0.01484375
10 0.92578125 0.7171875 0.01484375 0.0296875
10 0.92578125 0.8703125 0.01484375 0.0296875
16 0.97109375 0.88046875 0.009375 0.03359375
20 0.55546875 0.88359375 0.0203125 0.01484375
15 0.59921875 0.88359375 0.028125 0.01484375
0 0.58671875 0.884375 0.01328125 0.01171875
21 0.4921875 0.9453125 0.0265625 0.0265625
23 0.65078125 0.7203125 0.03203125 0.02265625
10 0.421875 0.43671875 0.03828125 0.01171875
33 0.465625 0.465625 0.02109375 0.015625
33 0.49921875 0.46484375 0.0203125 0.01484375
37 0.465625 0.48515625 0.02109375 0.02421875
10 0.49453125 0.4859375 0.01328125 0.025
2 0.4984375 0.49765625 0.02109375 0.03046875
38 0.4921875 0.53515625 0.0078125 0.0359375
10 0.46953125 0.57578125 0.01328125 0.0265625
20 0.58203125 0.434375 0.0203125 0.01328125
20 0.6 0.4578125 0.01875 0.01484375
10 0.0828125 0.29765625 0.015625 0.025
10 0.0828125 0.06484375 0.015625 0.025
32 0.08515625 0.08125 0.01875 0.01875
2 0.0859375 0.09296875 0.0203125 0.0265625
10 0.134375 0.45703125 0.034375 0.01171875
28 0.05546875 0.5328125 0.01171875 0.04921875
10 0.05703125 0.84765625 0.01328125 0.02421875
2 0.06171875 0.81953125 0.02109375 0.03046875
7 0.06171875 0.865625 0.01875 0.02265625
28 0.2265625 0.9671875 0.11484375 0.009375
20 0.40078125 0.80078125 0.0203125 0.01484375
10 0.46953125 0.7421875 0.01328125 0.028125
10 0.45546875 0.7765625 0.0359375 0.01171875