22 0.69765625 0.6703125 0.0296875 0.0234375
22 0.703125 0.3265625 0.03359375 0.02109375
22 0.3375 0.4171875 0.0328125 0.025
22 0.209375 0.18984375 0.03125 0.025
22 0.44765625 0.190625 0.0328125 0.0234375
21 0.1984375 0.76796875 0.0234375 0.0265625
21 0.3359375 0.76796875 0.0234375 0.0265625
21 0.1984375 0.66953125 0.0265625 0.0234375
21 0.3359375 0.66875 0.02265625 0.025
21 0.1984375 0.56953125 0.0234375 0.0265625
21 0.3359375 0.56875 0.0234375 0.025
21 0.4734375 0.76875 0.0234375 0.02734375
21 0.4734375 0.66875 0.02265625 0.025
21 0.47265625 0.56875 0.025 0.025
10 0.5421875 0.90859375 0.0390625 0.0125
20 0.5453125 0.90703125 0.01484375 0.0140625
13 0.52578125 0.95390625 0.01875 0.025
10 0.525 0.9421875 0.03515625 0.00859375
25 0.29921875 0.8390625 0.02890625 0.02109375
37 0.45078125 0.79453125 0.03125 0.01640625
39 0.3203125 0.78125 0.0125 0.01015625
37 0.1484375 0.79375 0.0296875 0.01484375
24 0.05859375 0.778125 0.0171875 0.01640625
37 0.109375 0.78671875 0.01875 0.0234375
17 0.1078125 0.7640625 0.01875 0.02265625
18 0.10859375 0.75390625 0.0203125 0.0171875
6 0.2703125 0.7234375 0.0265625 0.0203125
29 0.12109375 0.6953125 0.025 0.0203125
26 0.11015625 0.64453125 0.0203125 0.01875
12 0.0640625 0.5765625 0.0078125 0.03359375
13 0.0234375 0.53359375 0.0359375 0.01484375
21 0.11640625 0.47734375 0.025 0.025
21 0.2234375 0.4765625 0.0265625 0.0234375
28 0.2640625 0.4890625 0.01015625 0.03125
6 0.153125 0.5015625 0.0234375 0.0203125
20 0.1515625 0.52578125 0.0171875 0.0140625
8 0.11875 0.52890625 0.03984375 0.0078125
10 0.1734375 0.40078125 0.03359375 0.00859375
27 0.2875 0.4046875 0.0171875 0.01640625
5 0.1265625 0.34921875 0.01484375 0.0109375
21 0.1703125 0.346875 0.0234375 0.0265625
28 0.1453125 0.3125 0.0421875 0.0078125
28 0.1734375 0.2984375 0.0953125 0.0078125
20 0.25703125 0.296875 0.01640625 0.0140625
10 0.08203125 0.2828125 0.0140625 0.02734375
10 0.08203125 0.1390625 0.0140625 0.02734375
16 0.0390625 0.1296875 0.00859375 0.03125
20 0.4296875 0.1265625 0.01875 0.0140625
15 0.38828125 0.1265625 0.0265625 0.0140625
0 0.4 0.12578125 0.0125 0.0109375
21 0.4890625 0.06875 0.025 0.025
23 0.33984375 0.2796875 0.0296875 0.02109375
10 0.5546875 0.5453125 0.0359375 0.0109375
33 0.5140625 0.51875 0.0203125 0.01484375
33 0.48203125 0.51953125 0.01875 0.0140625
37 0.5140625 0.5 0.0203125 0.02265625
10 0.4859375 0.49921875 0.0125 0.0234375
2 0.4828125 0.48828125 0.0203125 0.02890625
38 0.4890625 0.453125 0.0078125 0.03359375
10 0.51015625 0.41484375 0.0125 0.025
20 0.4046875 0.54765625 0.01875 0.0125
20 0.3875 0.52578125 0.0171875 0.0140625
10 0.87265625 0.67578125 0.01484375 0.0234375
10 0.87265625 0.89453125 0.01484375 0.0234375
32 0.8703125 0.87890625 0.0171875 0.0171875
2 0.86953125 0.8671875 0.01875 0.025
10 0.8234375 0.5265625 0.0328125 0.0109375
28 0.8984375 0.45546875 0.0109375 0.04609375
10 0.89609375 0.16015625 0.0125 0.02265625
2 0.8921875 0.18671875 0.0203125 0.02890625
7 0.8921875 0.14296875 0.0171875 0.02109375
28 0.7375 0.0484375 0.1078125 0.00859375
20 0.57421875 0.2046875 0.01875 0.0140625
10 0.51015625 0.259375 0.0125 0.0265625
10 0.5234375 0.2265625 0.03359375 0.0109375