22 0.17890625 0.58984375 0.02578125 0.028125
22 0.3125 0.41875 0.028125 0.028125
22 0.76328125 0.58125 0.028125 0.02734375
22 0.49453125 0.41875 0.02734375 0.02734375
22 0.77734375 0.28046875 0.02734375 0.02734375
22 0.1484375 0.28984375 0.02734375 0.02734375
21 0.4578125 0.66875 0.0203125 0.028125
21 0.52421875 0.5828125 0.0203125 0.02734375
21 0.38984375 0.58203125 0.021875 0.028125
30 0.54140625 0.69375 0.0375 0.02421875
14 0.38359375 0.62734375 0.06328125 0.159375
2 0.3359375 0.603125 0.01953125 0.0375
10 0.340625 0.6359375 0.01015625 0.02578125
5 0.52578125 0.65390625 0.015625 0.015625
20 0.47109375 0.534375 0.01171875 0.015625
20 0.57578125 0.54375 0.015625 0.015625
10 0.6375 0.70078125 0.028125 0.01171875
28 0.7828125 0.7015625 0.08203125 0.01015625
10 0.95390625 0.66875 0.01015625 0.028125
10 0.953125 0.49296875 0.01171875 0.02734375
10 0.7734375 0.46171875 0.028125 0.01171875
37 0.8734375 0.43984375 0.0296875 0.01640625
33 0.9 0.4390625 0.01953125 0.01953125
37 0.69765625 0.43984375 0.02734375 0.01640625
27 0.55234375 0.45078125 0.01796875 0.01796875
20 0.57578125 0.35078125 0.015625 0.015625
28 0.4796875 0.35078125 0.0453125 0.0078125
20 0.61015625 0.2640625 0.01796875 0.0140625
21 0.4890625 0.28125 0.01953125 0.028125
14 0.44296875 0.2859375 0.0734375 0.109375
21 0.5234375 0.16875 0.0203125 0.0296875
21 0.44375 0.16953125 0.0203125 0.028125
30 0.42578125 0.128125 0.0375 0.02421875
5 0.4828125 0.2015625 0.0140625 0.015625
10 0.6421875 0.075 0.01171875 0.02734375
28 0.7765625 0.03828125 0.08203125 0.01171875
7 0.94921875 0.14765625 0.01953125 0.02578125
2 0.95 0.1609375 0.01796875 0.03828125
10 0.95390625 0.1296875 0.0125 0.02578125
20 0.3484375 0.4578125 0.01796875 0.01796875
20 0.24765625 0.48046875 0.01640625 0.015625
31 0.2703125 0.37578125 0.0125 0.01171875
10 0.125 0.46015625 0.028125 0.01015625
10 0.28828125 0.3296875 0.01171875 0.02734375
28 0.203125 0.7015625 0.0640625 0.01015625
10 0.01640625 0.678125 0.01015625 0.02734375
10 0.0171875 0.5015625 0.01171875 0.02734375
20 0.2625 0.35625 0.01796875 0.015625
10 0.2890625 0.15390625 0.01015625 0.02734375
28 0.1671875 0.11796875 0.08203125 0.01015625
10 0.0171875 0.140625 0.01171875 0.02734375