22 0.20390625 0.396875 0.02578125 0.02890625
22 0.3390625 0.5703125 0.02890625 0.02890625
22 0.79765625 0.40546875 0.02890625 0.02734375
22 0.52421875 0.57109375 0.02734375 0.02734375
22 0.81171875 0.7109375 0.02734375 0.02734375
22 0.17265625 0.7015625 0.02734375 0.02734375
21 0.48671875 0.3171875 0.02109375 0.02890625
21 0.5546875 0.40390625 0.02109375 0.02734375
21 0.41875 0.4046875 0.021875 0.02890625
30 0.57265625 0.29140625 0.0375 0.025
14 0.41171875 0.359375 0.0640625 0.16171875
2 0.36328125 0.3828125 0.01953125 0.0375
10 0.36796875 0.35 0.01015625 0.02578125
5 0.55625 0.33125 0.015625 0.015625
20 0.50078125 0.453125 0.01171875 0.015625
20 0.60703125 0.44375 0.015625 0.015625
10 0.66953125 0.28359375 0.02890625 0.01171875
28 0.8171875 0.28359375 0.08359375 0.01015625
10 0.990625 0.3171875 0.01015625 0.02890625
10 0.98984375 0.4953125 0.01171875 0.02734375
10 0.8078125 0.5265625 0.02890625 0.01171875
37 0.909375 0.54921875 0.0296875 0.0171875
33 0.93671875 0.55 0.01953125 0.01953125
37 0.73046875 0.54921875 0.02734375 0.0171875
27 0.58359375 0.5375 0.01796875 0.01796875
20 0.60703125 0.63984375 0.015625 0.015625
28 0.51015625 0.63984375 0.0453125 0.0078125
20 0.6421875 0.728125 0.01796875 0.0140625
21 0.51875 0.71015625 0.01953125 0.02890625
14 0.471875 0.70546875 0.07421875 0.1109375
21 0.55390625 0.82421875 0.02109375 0.0296875
21 0.47265625 0.8234375 0.02109375 0.02890625
30 0.4546875 0.86640625 0.0375 0.025
5 0.5125 0.79140625 0.0140625 0.015625
10 0.67421875 0.91953125 0.01171875 0.02734375
28 0.8109375 0.9578125 0.08359375 0.01171875
7 0.9859375 0.84609375 0.01953125 0.02578125
2 0.98671875 0.8328125 0.01796875 0.0390625
10 0.990625 0.8640625 0.01328125 0.02578125
20 0.37578125 0.53125 0.01796875 0.01796875
20 0.2734375 0.5078125 0.0171875 0.015625
31 0.29609375 0.6140625 0.01328125 0.01171875
10 0.1484375 0.52890625 0.02890625 0.01015625
10 0.315625 0.6609375 0.01171875 0.02734375
28 0.228125 0.28359375 0.065625 0.01015625
10 0.0390625 0.3078125 0.01015625 0.02734375
10 0.03984375 0.4859375 0.01171875 0.02734375
20 0.28828125 0.634375 0.01796875 0.015625
10 0.315625 0.83984375 0.01015625 0.02734375
28 0.1921875 0.87578125 0.08359375 0.01015625
10 0.03984375 0.853125 0.01171875 0.02734375