22 0.165625 0.41328125 0.0265625 0.0296875
22 0.30390625 0.590625 0.0296875 0.0296875
22 0.771875 0.421875 0.0296875 0.028125
22 0.49296875 0.59140625 0.028125 0.028125
22 0.7859375 0.734375 0.028125 0.028125
22 0.134375 0.725 0.028125 0.028125
21 0.4546875 0.33203125 0.02109375 0.0296875
21 0.52421875 0.4203125 0.02109375 0.028125
21 0.384375 0.42109375 0.02265625 0.0296875
30 0.5421875 0.30625 0.03828125 0.025
14 0.378125 0.375 0.065625 0.165625
2 0.32890625 0.39921875 0.0203125 0.03828125
10 0.33359375 0.365625 0.0109375 0.0265625
5 0.525 0.346875 0.015625 0.015625
20 0.46875 0.4703125 0.01171875 0.015625
20 0.57734375 0.46171875 0.015625 0.015625
10 0.64140625 0.29765625 0.0296875 0.01171875
28 0.7921875 0.29765625 0.08515625 0.0109375
10 0.96953125 0.33203125 0.0109375 0.0296875
10 0.96875 0.5140625 0.01171875 0.028125
10 0.7828125 0.54609375 0.0296875 0.01171875
37 0.8859375 0.56875 0.03046875 0.0171875
33 0.9140625 0.5703125 0.0203125 0.0203125
37 0.703125 0.56875 0.028125 0.0171875
27 0.553125 0.55703125 0.01875 0.01875
20 0.57734375 0.66171875 0.015625 0.015625
28 0.478125 0.66171875 0.046875 0.0078125
20 0.61328125 0.7515625 0.01875 0.01484375
21 0.4875 0.73359375 0.0203125 0.0296875
14 0.4390625 0.72890625 0.07578125 0.11328125
21 0.52265625 0.85 0.02109375 0.03046875
21 0.43984375 0.84921875 0.02109375 0.0296875
30 0.421875 0.89296875 0.03828125 0.025
5 0.48046875 0.815625 0.01484375 0.015625
10 0.64609375 0.94765625 0.01171875 0.028125
28 0.78515625 0.9859375 0.08515625 0.01171875
7 0.96484375 0.871875 0.0203125 0.0265625
2 0.965625 0.85859375 0.01875 0.03984375
10 0.96953125 0.890625 0.01328125 0.0265625
20 0.34140625 0.55078125 0.01875 0.01875
20 0.23671875 0.5265625 0.0171875 0.015625
31 0.26015625 0.63515625 0.01328125 0.01171875
10 0.109375 0.54765625 0.0296875 0.0109375
10 0.2796875 0.68359375 0.01171875 0.028125
28 0.190625 0.29765625 0.06640625 0.0109375
10 0.0015625 0.321875 0.00234375 0.028125
10 0.00234375 0.5046875 0.00390625 0.028125
20 0.25234375 0.65625 0.01875 0.015625
10 0.2796875 0.865625 0.0109375 0.028125
28 0.153125 0.90234375 0.08515625 0.0109375
10 0.00234375 0.8796875 0.00390625 0.028125