22 0.81640625 0.48515625 0.03046875 0.02890625
22 0.50234375 0.7765625 0.03203125 0.03046875
22 0.815625 0.84453125 0.02890625 0.028125
22 0.1796875 0.7765625 0.02890625 0.03046875
37 0.640625 0.3484375 0.01953125 0.028125
10 0.66640625 0.27265625 0.028125 0.0125
13 0.62734375 0.2609375 0.01796875 0.03359375
25 0.584375 0.26484375 0.028125 0.0265625
20 0.425 0.315625 0.01953125 0.01796875
21 0.50859375 0.35625 0.021875 0.02890625
10 0.615625 0.40078125 0.009375 0.02890625
28 0.6359375 0.46171875 0.00859375 0.06796875
21 0.50859375 0.45 0.01953125 0.03046875
28 0.5453125 0.50703125 0.0375 0.0109375
21 0.53515625 0.55546875 0.02109375 0.03046875
5 0.578125 0.55859375 0.015625 0.01640625
20 0.609375 0.625 0.01796875 0.01640625
31 0.58203125 0.653125 0.0109375 0.0140625
27 0.578125 0.66875 0.01796875 0.01796875
20 0.4484375 0.625 0.01640625 0.01640625
20 0.33671875 0.59765625 0.015625 0.015625
6 0.44296875 0.396875 0.021875 0.025
27 0.38828125 0.284375 0.01796875 0.01796875
20 0.3875 0.25703125 0.01640625 0.01640625
10 0.25703125 0.3015625 0.028125 0.0140625
21 0.34453125 0.35859375 0.021875 0.03046875
21 0.215625 0.35859375 0.021875 0.03046875
21 0.0875 0.35859375 0.021875 0.03046875
17 0.02734375 0.3484375 0.02109375 0.0359375
37 0.025 0.3265625 0.01953125 0.028125
39 0.165625 0.3296875 0.0125 0.0125
35 0.21640625 0.25625 0.1359375 0.0515625
2 0.38671875 0.02578125 0.01796875 0.040625
7 0.38671875 0.0375 0.01796875 0.025
10 0.390625 0.059375 0.0109375 0.02890625
10 0.0671875 0.01171875 0.02890625 0.0125
21 0.34453125 0.51796875 0.021875 0.03046875
21 0.215625 0.51796875 0.0234375 0.03046875
21 0.08671875 0.51796875 0.02109375 0.03046875
37 0.1140625 0.596875 0.028125 0.01640625
18 0.08828125 0.596875 0.0234375 0.01796875
26 0.23984375 0.59609375 0.0234375 0.01953125
37 0.21875 0.596875 0.0265625 0.01796875
28 0.16328125 0.62109375 0.06796875 0.0109375
10 0.02265625 0.659375 0.0125 0.02890625
20 0.3015625 0.7234375 0.01640625 0.01640625
33 0.32890625 0.77421875 0.01953125 0.02109375
10 0.32578125 0.74765625 0.0125 0.02890625
2 0.3296875 0.78359375 0.01796875 0.0390625
10 0.30390625 0.89453125 0.0109375 0.03046875
38 0.32265625 0.82421875 0.00703125 0.04296875
10 0.0546875 0.93125 0.0265625 0.0125
20 0.45234375 0.92890625 0.015625 0.01640625
20 0.4375 0.92890625 0.01640625 0.01640625
0 0.46640625 0.93046875 0.01640625 0.0140625
28 0.5828125 0.89609375 0.009375 0.05859375
8 0.58359375 0.8953125 0.00859375 0.0375
10 0.6453125 0.93203125 0.02890625 0.0109375
13 0.603125 0.9828125 0.01875 0.034375
12 0.6359375 0.99375 0.00859375 0.0125
10 0.996875 0.909375 0.00546875 0.028125
10 0.996875 0.75625 0.00625 0.028125
7 0.99375 0.36015625 0.0125 0.02890625
2 0.99375 0.33671875 0.0125 0.040625
10 0.996875 0.3828125 0.00546875 0.02890625