22 0.21328125 0.496875 0.0296875 0.02890625
22 0.52109375 0.78125 0.03125 0.0296875
22 0.2140625 0.84765625 0.02890625 0.02734375
22 0.8359375 0.78125 0.02890625 0.0296875
37 0.3859375 0.3625 0.01875 0.02734375
10 0.36015625 0.2890625 0.02734375 0.0125
13 0.3984375 0.27734375 0.01796875 0.0328125
25 0.43984375 0.28046875 0.02734375 0.02578125
20 0.59609375 0.33046875 0.01875 0.01796875
21 0.51484375 0.3703125 0.021875 0.02890625
10 0.409375 0.4140625 0.009375 0.02890625
28 0.38984375 0.4734375 0.0078125 0.06640625
21 0.51484375 0.46171875 0.01875 0.0296875
28 0.47890625 0.51796875 0.03671875 0.0109375
21 0.48828125 0.56484375 0.0203125 0.0296875
5 0.44609375 0.56796875 0.01484375 0.01640625
20 0.41640625 0.6328125 0.01796875 0.01640625
31 0.44296875 0.66015625 0.0109375 0.01328125
27 0.44609375 0.67578125 0.01796875 0.01796875
20 0.5734375 0.6328125 0.01640625 0.01640625
20 0.6828125 0.60703125 0.01484375 0.01484375
6 0.57890625 0.41015625 0.021875 0.02421875
27 0.6328125 0.29921875 0.01796875 0.01796875
20 0.6328125 0.2734375 0.01640625 0.01640625
10 0.7609375 0.31640625 0.02734375 0.01328125
21 0.675 0.37265625 0.021875 0.0296875
21 0.8015625 0.37265625 0.021875 0.0296875
21 0.9265625 0.37265625 0.021875 0.0296875
17 0.9859375 0.3625 0.0203125 0.03515625
37 0.9875 0.34140625 0.01875 0.02734375
39 0.85 0.34453125 0.0125 0.0125
35 0.8 0.27265625 0.1328125 0.05
2 0.63359375 0.046875 0.01796875 0.0390625
7 0.63359375 0.05859375 0.01796875 0.02421875
10 0.63046875 0.0796875 0.0109375 0.02890625
10 0.94609375 0.03359375 0.02890625 0.0125
21 0.675 0.52890625 0.021875 0.0296875
21 0.80078125 0.52890625 0.0234375 0.0296875
21 0.92734375 0.52890625 0.0203125 0.0296875
37 0.90078125 0.60625 0.02734375 0.01640625
18 0.92578125 0.60546875 0.0234375 0.01796875
26 0.778125 0.6046875 0.0234375 0.01875
37 0.7984375 0.60546875 0.02578125 0.01796875
28 0.85234375 0.62890625 0.06640625 0.0109375
10 0.98984375 0.66640625 0.0125 0.02890625
20 0.7171875 0.7296875 0.01640625 0.01640625
33 0.68984375 0.77890625 0.01875 0.0203125
10 0.69375 0.753125 0.0125 0.02890625
2 0.68984375 0.78828125 0.01796875 0.03828125
10 0.71484375 0.896875 0.0109375 0.0296875
38 0.69609375 0.828125 0.00703125 0.0421875
10 0.95859375 0.9328125 0.02578125 0.0125
20 0.5703125 0.93046875 0.01484375 0.01640625
20 0.584375 0.93046875 0.01640625 0.01640625
0 0.55546875 0.93203125 0.01640625 0.01328125
28 0.4421875 0.8984375 0.009375 0.05703125
8 0.44140625 0.89765625 0.0078125 0.03671875
10 0.38125 0.93359375 0.02890625 0.0109375
13 0.4234375 0.98359375 0.01796875 0.0328125
12 0.38984375 0.99375 0.0078125 0.0125
10 0.03359375 0.91171875 0.0109375 0.02734375
10 0.03359375 0.7625 0.01328125 0.02734375
7 0.0375 0.37421875 0.01796875 0.02890625
2 0.0375 0.3515625 0.01796875 0.0390625
10 0.03359375 0.39609375 0.0109375 0.02890625