22 0.6953125 0.30234375 0.03359375 0.02421875
22 0.4421875 0.49296875 0.03203125 0.02421875
22 0.24921875 0.30234375 0.03359375 0.02421875
22 0.7140625 0.765625 0.03203125 0.02421875
22 0.28046875 0.784375 0.03203125 0.02421875
21 0.10703125 0.49375 0.02265625 0.02578125
30 0.1 0.4671875 0.02421875 0.0265625
21 0.21171875 0.49296875 0.02421875 0.0265625
21 0.2109375 0.5859375 0.02578125 0.02578125
21 0.10703125 0.5859375 0.02578125 0.02421875
21 0.7484375 0.4984375 0.02265625 0.0265625
21 0.8578125 0.4984375 0.02265625 0.0265625
21 0.80390625 0.58125 0.02421875 0.0265625
30 0.8890625 0.4671875 0.02265625 0.0265625
10 0.5125 0.7609375 0.0125 0.028125
10 0.490625 0.790625 0.0140625 0.02421875
10 0.0703125 0.70390625 0.0125 0.0265625
10 0.0953125 0.18515625 0.0140625 0.0296875
10 0.0953125 0.34921875 0.0140625 0.03046875
10 0.47734375 0.225 0.0125 0.028125
10 0.5 0.2171875 0.015625 0.028125
10 0.67421875 0.43984375 0.0359375 0.0125
10 0.07109375 0.86796875 0.0140625 0.0296875
10 0.9171875 0.68515625 0.0125 0.028125
10 0.9171875 0.85 0.01171875 0.0265625
31 0.27109375 0.571875 0.0125 0.0140625
37 0.8890625 0.36796875 0.0203125 0.02421875
37 0.88828125 0.203125 0.021875 0.02578125
28 0.72421875 0.9 0.10078125 0.01171875
2 0.48671875 0.76171875 0.021875 0.03203125
20 0.6140625 0.6359375 0.01640625 0.015625
5 0.8421875 0.56796875 0.01640625 0.0125
27 0.6140625 0.503125 0.01953125 0.01640625
14 0.68125 0.49765625 0.1 0.08984375
23 0.52578125 0.490625 0.028125 0.021875
20 0.61796875 0.43828125 0.015625 0.0140625
20 0.85 0.43828125 0.01953125 0.0140625
23 0.58125 0.29375 0.0296875 0.021875
7 0.503125 0.19921875 0.01953125 0.021875
2 0.503125 0.18828125 0.01953125 0.028125
28 0.71015625 0.165625 0.1109375 0.00859375
28 0.4453125 0.4578125 0.04453125 0.0078125
20 0.49375 0.4609375 0.01796875 0.0140625
20 0.27890625 0.43828125 0.01796875 0.0140625
20 0.27421875 0.53984375 0.01953125 0.015625
20 0.27421875 0.65234375 0.01953125 0.015625
28 0.26484375 0.9 0.08984375 0.00859375
14 0.16015625 0.63125 0.196875 0.0578125
28 0.2796875 0.165625 0.08984375 0.00859375
5 0.13359375 0.5578125 0.01640625 0.0125