22 0.7390625 0.29609375 0.03515625 0.02578125
22 0.46796875 0.49921875 0.034375 0.02578125
22 0.2625 0.29609375 0.03515625 0.02578125
22 0.75859375 0.790625 0.034375 0.02578125
22 0.29609375 0.8109375 0.034375 0.02578125
21 0.1109375 0.5 0.02421875 0.02734375
30 0.103125 0.471875 0.02578125 0.02890625
21 0.221875 0.49921875 0.02578125 0.02890625
21 0.22109375 0.5984375 0.02734375 0.02734375
21 0.1109375 0.59921875 0.02734375 0.02578125
21 0.7953125 0.5046875 0.02421875 0.02890625
21 0.9125 0.5046875 0.02421875 0.02890625
21 0.8546875 0.59375 0.02578125 0.02890625
30 0.9453125 0.471875 0.02421875 0.02890625
10 0.54375 0.78515625 0.01328125 0.0296875
10 0.51953125 0.81796875 0.01484375 0.02578125
10 0.07109375 0.725 0.01328125 0.02890625
10 0.09765625 0.1703125 0.01484375 0.03125
10 0.09765625 0.3453125 0.01484375 0.0328125
10 0.50546875 0.21328125 0.01328125 0.0296875
10 0.5296875 0.2046875 0.01640625 0.0296875
10 0.715625 0.44296875 0.03828125 0.01328125
10 0.071875 0.89921875 0.01484375 0.03125
10 0.97578125 0.7046875 0.01328125 0.0296875
10 0.97578125 0.88046875 0.0125 0.02890625
31 0.28515625 0.584375 0.01328125 0.01484375
37 0.9453125 0.365625 0.021875 0.02578125
37 0.94453125 0.18984375 0.0234375 0.02734375
28 0.76953125 0.93359375 0.1078125 0.0125
2 0.515625 0.7859375 0.0234375 0.034375
20 0.65234375 0.6515625 0.01796875 0.01640625
5 0.8953125 0.57890625 0.01796875 0.01328125
27 0.65234375 0.51015625 0.0203125 0.01796875
14 0.72421875 0.50390625 0.10625 0.0953125
23 0.55703125 0.496875 0.0296875 0.0234375
20 0.65546875 0.440625 0.01640625 0.01484375
20 0.90390625 0.440625 0.0203125 0.01484375
23 0.6171875 0.2859375 0.03125 0.0234375
7 0.53359375 0.18515625 0.0203125 0.0234375
2 0.53359375 0.1734375 0.0203125 0.0296875
28 0.7546875 0.14921875 0.11875 0.009375
28 0.471875 0.46171875 0.04765625 0.0078125
20 0.5234375 0.46484375 0.01875 0.01484375
20 0.29375 0.440625 0.01875 0.01484375
20 0.2890625 0.54921875 0.0203125 0.01640625
20 0.2890625 0.66953125 0.0203125 0.01640625
28 0.27890625 0.93359375 0.0953125 0.009375
14 0.16640625 0.646875 0.21015625 0.06171875
28 0.2953125 0.14921875 0.0953125 0.009375
5 0.13828125 0.56796875 0.01796875 0.01328125