22 0.7234375 0.73046875 0.0359375 0.025
22 0.7296875 0.3390625 0.034375 0.0265625
22 0.31484375 0.44375 0.0359375 0.025
22 0.4375 0.184375 0.0359375 0.0265625
22 0.16484375 0.184375 0.034375 0.0265625
21 0.1515625 0.8421875 0.02734375 0.03046875
21 0.31015625 0.8421875 0.0265625 0.02890625
21 0.31015625 0.72890625 0.0265625 0.02734375
21 0.309375 0.615625 0.02734375 0.02890625
21 0.153125 0.615625 0.02734375 0.02890625
21 0.06015625 0.5109375 0.0265625 0.02734375
21 0.18046875 0.5109375 0.0265625 0.02734375
21 0.1203125 0.3625 0.02734375 0.02890625
17 0.05078125 0.8390625 0.0234375 0.0234375
18 0.05078125 0.82421875 0.021875 0.01953125
37 0.09453125 0.87109375 0.0375 0.01796875
37 0.04921875 0.8640625 0.0234375 0.0265625
29 0.0640625 0.75859375 0.0265625 0.021875
26 0.05 0.70078125 0.021875 0.02109375
12 0.0015625 0.6234375 0.003125 0.03984375
25 0.26875 0.921875 0.034375 0.0265625
6 0.2359375 0.79140625 0.02734375 0.021875
37 0.440625 0.87109375 0.0390625 0.01796875
39 0.290625 0.85703125 0.01484375 0.009375
21 0.15234375 0.72890625 0.0265625 0.02890625
21 0.4671875 0.8421875 0.02734375 0.02734375
21 0.4671875 0.728125 0.02734375 0.03046875
21 0.4671875 0.61484375 0.0265625 0.02734375
21 0.48515625 0.04609375 0.0265625 0.02890625
20 0.41640625 0.1125 0.02109375 0.01484375
0 0.38203125 0.1109375 0.01484375 0.0125
15 0.36953125 0.1109375 0.02890625 0.01484375
28 0.778125 0.0484375 0.12265625 0.0109375
10 0.95078125 0.1265625 0.01484375 0.03203125
10 0.50859375 0.2640625 0.01484375 0.03046875
10 0.525 0.22578125 0.04140625 0.0125
31 0.58359375 0.2 0.02109375 0.01953125
23 0.3140625 0.2875 0.03203125 0.025
27 0.25390625 0.42890625 0.021875 0.01796875
27 0.4 0.590625 0.0234375 0.01484375
20 0.36875 0.56484375 0.01953125 0.01640625
20 0.38828125 0.58984375 0.01953125 0.0140625
10 0.12265625 0.4234375 0.04140625 0.0125
10 0.01953125 0.290625 0.01640625 0.02890625
20 0.21953125 0.3046875 0.021875 0.01484375
28 0.09140625 0.3234375 0.05 0.00859375
28 0.12421875 0.30703125 0.1078125 0.009375
28 0.22734375 0.52421875 0.01484375 0.0375
6 0.0984375 0.5375 0.02890625 0.021875
5 0.06953125 0.36640625 0.01796875 0.0140625
10 0.01875 0.12734375 0.01484375 0.03046875
10 0.9515625 0.34921875 0.0140625 0.02734375
7 0.946875 0.33203125 0.0234375 0.0234375
2 0.946875 0.3796875 0.0234375 0.0328125
28 0.95390625 0.4859375 0.0125 0.05234375
10 0.8703125 0.56796875 0.0390625 0.0109375
10 0.56015625 0.58828125 0.03984375 0.0109375
10 0.50859375 0.440625 0.01484375 0.02734375
37 0.5140625 0.53515625 0.025 0.0265625
10 0.48203125 0.5359375 0.0140625 0.025
2 0.4765625 0.52265625 0.021875 0.03203125
33 0.47734375 0.5578125 0.0234375 0.01640625
33 0.51328125 0.5578125 0.02109375 0.01640625
38 0.48515625 0.48359375 0.00859375 0.0390625
10 0.9234375 0.73515625 0.01796875 0.02890625
10 0.92421875 0.9859375 0.01640625 0.02734375
7 0.92109375 0.96953125 0.021875 0.025
2 0.9203125 0.95546875 0.0234375 0.03046875
10 0.54453125 0.996875 0.0375 0.00546875
20 0.54921875 0.99609375 0.0203125 0.0078125
8 0.06171875 0.56875 0.0453125 0.0109375
20 0.0984375 0.56640625 0.02109375 0.01640625