22 0.246875 0.66015625 0.034375 0.02421875
22 0.240625 0.284375 0.0328125 0.025
22 0.6390625 0.384375 0.034375 0.02421875
22 0.52109375 0.1359375 0.034375 0.025
22 0.7828125 0.1359375 0.0328125 0.025
21 0.79609375 0.76796875 0.0265625 0.02890625
21 0.64375 0.7671875 0.025 0.028125
21 0.64375 0.659375 0.025 0.0265625
21 0.64453125 0.55 0.0265625 0.028125
21 0.79453125 0.55 0.0265625 0.028125
21 0.88359375 0.44921875 0.025 0.0265625
21 0.76875 0.44921875 0.025 0.0265625
21 0.8265625 0.30703125 0.0265625 0.028125
17 0.89296875 0.76484375 0.02265625 0.02265625
18 0.8921875 0.75078125 0.02109375 0.01875
24 0.94921875 0.778125 0.0171875 0.0171875
37 0.85078125 0.7953125 0.0359375 0.0171875
37 0.89453125 0.78828125 0.02265625 0.025
29 0.8796875 0.68671875 0.025 0.02109375
26 0.89375 0.63203125 0.02109375 0.01953125
12 0.94375 0.5578125 0.009375 0.03828125
25 0.68359375 0.84453125 0.0328125 0.025
6 0.71484375 0.71875 0.0265625 0.02109375
37 0.51875 0.7953125 0.0375 0.0171875
39 0.6625 0.78203125 0.01484375 0.009375
21 0.7953125 0.65859375 0.025 0.028125
21 0.49375 0.76796875 0.0265625 0.0265625
21 0.49375 0.6578125 0.0265625 0.02890625
21 0.49296875 0.54921875 0.025 0.0265625
21 0.47578125 0.00859375 0.025 0.0171875
20 0.54140625 0.0671875 0.01953125 0.01484375
0 0.575 0.065625 0.01484375 0.01171875
15 0.58671875 0.065625 0.028125 0.01484375
28 0.19453125 0.00546875 0.11796875 0.0109375
10 0.028125 0.08046875 0.01484375 0.03046875
10 0.453125 0.2125 0.01484375 0.02890625
10 0.4375 0.17578125 0.03984375 0.01171875
31 0.38125 0.1515625 0.01953125 0.01875
23 0.63984375 0.234375 0.03046875 0.02421875
27 0.69765625 0.3703125 0.02109375 0.0171875
27 0.5578125 0.52578125 0.02265625 0.01484375
20 0.5875 0.5015625 0.01875 0.015625
20 0.56875 0.525 0.01875 0.01328125
10 0.8234375 0.365625 0.03984375 0.01171875
10 0.9234375 0.23828125 0.015625 0.028125
20 0.73046875 0.2515625 0.02109375 0.01484375
28 0.85390625 0.26953125 0.04765625 0.0078125
28 0.82265625 0.25390625 0.103125 0.009375
28 0.7234375 0.4625 0.01484375 0.0359375
6 0.846875 0.475 0.028125 0.02109375
13 0.98359375 0.51171875 0.0328125 0.01875
5 0.875 0.31015625 0.0171875 0.01328125
10 0.9234375 0.08125 0.01484375 0.02890625
16 0.96953125 0.07109375 0.0109375 0.03828125
10 0.028125 0.29453125 0.01328125 0.0265625
7 0.0328125 0.278125 0.02265625 0.02265625
2 0.0328125 0.3234375 0.02265625 0.03203125
28 0.02578125 0.42578125 0.01171875 0.05078125
10 0.10625 0.50390625 0.0375 0.0109375
10 0.40390625 0.52421875 0.03828125 0.0109375
10 0.453125 0.38203125 0.01484375 0.0265625
37 0.4484375 0.47265625 0.02421875 0.025
10 0.47890625 0.4734375 0.01328125 0.02421875
2 0.484375 0.4609375 0.02109375 0.03046875
33 0.48359375 0.49453125 0.02265625 0.015625
33 0.44921875 0.49453125 0.01953125 0.015625
38 0.47578125 0.4234375 0.0078125 0.0375
10 0.0546875 0.66484375 0.0171875 0.028125
10 0.0546875 0.90546875 0.015625 0.0265625
7 0.05703125 0.88984375 0.02109375 0.02421875
2 0.0578125 0.8765625 0.02265625 0.02890625
10 0.4359375 0.9578125 0.0359375 0.0109375
10 0.41875 0.91953125 0.0359375 0.01171875
20 0.4140625 0.91796875 0.01875 0.01328125
13 0.4359375 0.9671875 0.02265625 0.03203125
8 0.8828125 0.50546875 0.04375 0.0109375
20 0.846875 0.50234375 0.01953125 0.015625