22 0.72421875 0.296875 0.034375 0.0234375
22 0.73046875 0.67109375 0.0328125 0.025
22 0.33359375 0.57109375 0.034375 0.0234375
22 0.4515625 0.81875 0.034375 0.025
22 0.190625 0.81875 0.0328125 0.025
21 0.178125 0.18984375 0.0265625 0.02890625
21 0.32890625 0.190625 0.025 0.02734375
21 0.32890625 0.2984375 0.025 0.0265625
21 0.328125 0.40703125 0.0265625 0.02734375
21 0.1796875 0.40703125 0.0265625 0.02734375
21 0.090625 0.50625 0.025 0.0265625
21 0.20546875 0.50625 0.025 0.0265625
21 0.14765625 0.6484375 0.0265625 0.02734375
17 0.08125 0.19296875 0.02265625 0.02265625
18 0.08203125 0.20703125 0.02109375 0.01875
24 0.02578125 0.18046875 0.0171875 0.0171875
37 0.1234375 0.16328125 0.0359375 0.0171875
37 0.0796875 0.16953125 0.02265625 0.025
29 0.09453125 0.2703125 0.025 0.02109375
26 0.08046875 0.325 0.02109375 0.01953125
12 0.03125 0.39921875 0.009375 0.03828125
25 0.28984375 0.1140625 0.0328125 0.025
6 0.25859375 0.2390625 0.0265625 0.02109375
37 0.45390625 0.16328125 0.03671875 0.0171875
39 0.3109375 0.17578125 0.01484375 0.009375
21 0.17890625 0.2984375 0.025 0.02734375
21 0.47890625 0.18984375 0.0265625 0.0265625
21 0.47890625 0.29921875 0.0265625 0.02890625
21 0.4796875 0.4078125 0.025 0.0265625
21 0.496875 0.95078125 0.025 0.02734375
20 0.43046875 0.8875 0.01953125 0.01484375
0 0.39765625 0.88828125 0.01484375 0.01171875
15 0.3859375 0.88828125 0.02734375 0.01484375
28 0.7765625 0.9484375 0.1171875 0.0109375
10 0.94140625 0.87421875 0.01484375 0.03046875
10 0.51875 0.74296875 0.01484375 0.02890625
10 0.534375 0.77890625 0.03984375 0.01171875
31 0.590625 0.803125 0.01953125 0.01875
23 0.3328125 0.7203125 0.03046875 0.0234375
27 0.27578125 0.58515625 0.02109375 0.0171875
27 0.41484375 0.43046875 0.02265625 0.01484375
20 0.38515625 0.45546875 0.01875 0.015625
20 0.40390625 0.43125 0.01875 0.01328125
10 0.15078125 0.590625 0.03984375 0.01171875
10 0.0515625 0.7171875 0.015625 0.02734375
20 0.24296875 0.70390625 0.02109375 0.01484375
28 0.1203125 0.6859375 0.04765625 0.0078125
28 0.1515625 0.7015625 0.103125 0.009375
28 0.25 0.49375 0.01484375 0.0359375
6 0.12734375 0.48125 0.02734375 0.02109375
13 0.00390625 0.44453125 0.0078125 0.01875
5 0.09921875 0.6453125 0.0171875 0.01328125
10 0.05078125 0.8734375 0.01484375 0.02890625
16 0.00546875 0.88359375 0.0109375 0.03828125
10 0.9421875 0.6609375 0.01328125 0.0265625
7 0.9375 0.67734375 0.02265625 0.02265625
2 0.9375 0.63203125 0.02265625 0.03203125
28 0.94375 0.53046875 0.01171875 0.05
10 0.8640625 0.45234375 0.03671875 0.0109375
10 0.56796875 0.4328125 0.03828125 0.0109375
10 0.51875 0.57421875 0.01484375 0.0265625
37 0.5234375 0.48359375 0.0234375 0.025
10 0.49375 0.4828125 0.01328125 0.0234375
2 0.48828125 0.4953125 0.02109375 0.03046875
33 0.4890625 0.46171875 0.02265625 0.015625
33 0.5234375 0.46171875 0.01953125 0.015625
38 0.49609375 0.5328125 0.0078125 0.03671875
10 0.91484375 0.2921875 0.0171875 0.02734375
10 0.915625 0.053125 0.015625 0.0265625
7 0.91328125 0.06875 0.02109375 0.0234375
2 0.9125 0.08203125 0.02265625 0.02890625
10 0.5359375 0.003125 0.0359375 0.00625
10 0.553125 0.0390625 0.0359375 0.01171875
20 0.5578125 0.040625 0.01875 0.01328125
13 0.5359375 0.00390625 0.02265625 0.0078125
8 0.09140625 0.4515625 0.04375 0.0109375
20 0.12734375 0.45390625 0.01953125 0.015625