22 0.6859375 0.70625 0.03671875 0.02265625
22 0.2640625 0.70625 0.03671875 0.02265625
22 0.521875 0.4875 0.0359375 0.02265625
22 0.696875 0.24609375 0.0359375 0.02421875
37 0.91171875 0.29765625 0.03046875 0.034375
37 0.9109375 0.121875 0.0296875 0.03203125
33 0.915625 0.14453125 0.02265625 0.01796875
28 0.6546875 0.1015625 0.13046875 0.00859375
7 0.39765625 0.1796875 0.028125 0.02421875
10 0.3921875 0.1515625 0.01640625 0.0296875
2 0.39765625 0.2015625 0.028125 0.034375
21 0.19375 0.35 0.0265625 0.0265625
21 0.19296875 0.28359375 0.028125 0.028125
21 0.38203125 0.284375 0.028125 0.0265625
5 0.28671875 0.28671875 0.01953125 0.01171875
14 0.38203125 0.35234375 0.15859375 0.0828125
20 0.48046875 0.321875 0.0203125 0.015625
20 0.61484375 0.3859375 0.0203125 0.0140625
27 0.60859375 0.415625 0.02265625 0.015625
30 0.27578125 0.38125 0.0421875 0.02265625
28 0.29140625 0.4453125 0.01015625 0.02421875
28 0.35 0.5015625 0.08046875 0.00859375
10 0.23984375 0.5859375 0.0421875 0.01171875
20 0.29375 0.58828125 0.021875 0.015625
20 0.43515625 0.56796875 0.02265625 0.015625
10 0.45546875 0.70625 0.015625 0.028125
10 0.40234375 0.82421875 0.0421875 0.01171875
10 0.1 0.78671875 0.0140625 0.02421875
2 0.10625 0.81484375 0.02578125 0.0296875
28 0.21640625 0.82578125 0.078125 0.00859375
20 0.61484375 0.5890625 0.02265625 0.0140625
20 0.609375 0.51328125 0.021875 0.0140625
23 0.45390625 0.5328125 0.03359375 0.01953125
31 0.61328125 0.5609375 0.01640625 0.0140625
21 0.7796875 0.5296875 0.0296875 0.02578125
21 0.7046875 0.440625 0.028125 0.0265625
21 0.853125 0.44140625 0.028125 0.02578125
30 0.90625 0.4140625 0.03984375 0.01796875
5 0.7796875 0.44375 0.01953125 0.0125
14 0.765625 0.546875 0.2734375 0.0578125
10 0.91953125 0.7859375 0.015625 0.0265625
10 0.91875 0.62421875 0.01640625 0.03046875
28 0.6578125 0.82578125 0.078125 0.00859375