22 0.65078125 0.28125 0.03984375 0.025
22 0.196875 0.28125 0.03984375 0.025
22 0.47421875 0.51640625 0.03828125 0.025
22 0.66171875 0.77578125 0.03828125 0.02578125
37 0.89296875 0.7203125 0.0328125 0.03671875
37 0.8921875 0.90859375 0.03125 0.034375
33 0.896875 0.884375 0.025 0.01953125
28 0.61640625 0.93046875 0.13984375 0.009375
7 0.340625 0.846875 0.03046875 0.02578125
10 0.334375 0.87734375 0.01796875 0.03125
2 0.340625 0.8234375 0.03046875 0.03671875
21 0.121875 0.6640625 0.02890625 0.02890625
21 0.12109375 0.73515625 0.03046875 0.03046875
21 0.32421875 0.734375 0.03046875 0.02890625
5 0.221875 0.73125 0.0203125 0.0125
14 0.32421875 0.66171875 0.1703125 0.0890625
20 0.4296875 0.69375 0.021875 0.01640625
20 0.57421875 0.62578125 0.021875 0.01484375
27 0.5671875 0.59375 0.025 0.01640625
30 0.209375 0.63046875 0.0453125 0.025
28 0.2265625 0.5609375 0.0109375 0.02578125
28 0.2890625 0.50078125 0.08671875 0.009375
10 0.17109375 0.41015625 0.0453125 0.0125
20 0.22890625 0.4078125 0.0234375 0.01640625
20 0.38046875 0.4296875 0.025 0.01640625
10 0.40234375 0.28125 0.01640625 0.03046875
10 0.3453125 0.1546875 0.0453125 0.0125
10 0.02109375 0.19453125 0.01484375 0.02578125
2 0.02734375 0.1640625 0.02734375 0.03125
28 0.14609375 0.153125 0.08359375 0.009375
20 0.57421875 0.40703125 0.025 0.01484375
20 0.56796875 0.48828125 0.0234375 0.01484375
23 0.40078125 0.46796875 0.0359375 0.0203125
31 0.571875 0.4375 0.01796875 0.01484375
21 0.75078125 0.47109375 0.03125 0.02734375
21 0.6703125 0.56640625 0.03046875 0.02890625
21 0.8296875 0.565625 0.03046875 0.02734375
30 0.88671875 0.59453125 0.04296875 0.01953125
5 0.75078125 0.56328125 0.0203125 0.0140625
14 0.7359375 0.45234375 0.29375 0.06171875
10 0.90078125 0.19609375 0.01640625 0.02890625
10 0.90078125 0.36953125 0.01796875 0.0328125
28 0.6203125 0.153125 0.08359375 0.009375