22 0.32421875 0.30859375 0.03671875 0.02265625
22 0.73984375 0.30859375 0.03671875 0.02265625
22 0.4859375 0.52421875 0.03515625 0.02265625
22 0.31328125 0.76171875 0.03515625 0.02421875
37 0.10234375 0.7109375 0.03046875 0.034375
37 0.10234375 0.88359375 0.02890625 0.03125
33 0.0984375 0.86171875 0.02265625 0.01796875
28 0.35546875 0.90390625 0.128125 0.00859375
7 0.60859375 0.8265625 0.02734375 0.02421875
10 0.6140625 0.8546875 0.01640625 0.02890625
2 0.60859375 0.80546875 0.02734375 0.034375
21 0.809375 0.659375 0.0265625 0.0265625
21 0.81015625 0.72421875 0.02734375 0.02734375
21 0.6234375 0.7234375 0.02734375 0.0265625
5 0.7171875 0.72109375 0.01875 0.01171875
14 0.6234375 0.65703125 0.15625 0.08203125
20 0.5265625 0.68671875 0.0203125 0.01484375
20 0.39453125 0.62421875 0.0203125 0.0140625
27 0.40078125 0.59453125 0.02265625 0.01484375
30 0.72890625 0.628125 0.04140625 0.02265625
28 0.7125 0.56484375 0.01015625 0.02421875
28 0.65546875 0.509375 0.0796875 0.00859375
10 0.7640625 0.4265625 0.04140625 0.01171875
20 0.7109375 0.42421875 0.02109375 0.01484375
20 0.571875 0.44453125 0.02265625 0.01484375
10 0.5515625 0.30859375 0.01484375 0.02734375
10 0.60390625 0.1921875 0.04140625 0.01171875
10 0.90078125 0.22890625 0.0140625 0.02421875
2 0.8953125 0.20078125 0.025 0.02890625
28 0.78671875 0.190625 0.0765625 0.00859375
20 0.39453125 0.4234375 0.02265625 0.0140625
20 0.4 0.4984375 0.02109375 0.0140625
23 0.553125 0.47890625 0.0328125 0.01875
31 0.39609375 0.4515625 0.01640625 0.0140625
21 0.23203125 0.48203125 0.02890625 0.025
21 0.30625 0.56953125 0.02734375 0.0265625
21 0.16015625 0.56953125 0.02734375 0.025
30 0.1078125 0.59609375 0.0390625 0.01796875
5 0.23203125 0.56640625 0.01875 0.0125
14 0.2453125 0.465625 0.26953125 0.05703125
10 0.09453125 0.2296875 0.01484375 0.0265625
10 0.0953125 0.3890625 0.01640625 0.03046875
28 0.35234375 0.190625 0.0765625 0.00859375