22 0.63359375 0.4859375 0.0359375 0.025
22 0.69296875 0.70703125 0.0359375 0.025
22 0.271875 0.740625 0.0375 0.025
21 0.16171875 0.2203125 0.02890625 0.0265625
21 0.38203125 0.2203125 0.03046875 0.0265625
21 0.565625 0.11484375 0.02890625 0.0265625
21 0.7203125 0.11484375 0.02890625 0.02890625
21 0.5671875 0.284375 0.02890625 0.028125
21 0.7203125 0.284375 0.02890625 0.0265625
21 0.69140625 0.403125 0.028125 0.028125
21 0.16171875 0.3375 0.02890625 0.028125
21 0.16171875 0.471875 0.02890625 0.028125
21 0.3796875 0.33828125 0.02890625 0.0265625
21 0.37890625 0.4765625 0.028125 0.028125
20 0.41484375 0.0484375 0.02109375 0.0140625
10 0.43671875 0.009375 0.040625 0.009375
13 0.4375 0.00625 0.025 0.0125
37 0.45625 0.0515625 0.0515625 0.021875
25 0.6125 0.00703125 0.0359375 0.0140625
24 0.878125 0.1 0.01953125 0.01953125
37 0.81328125 0.1140625 0.03203125 0.03359375
18 0.815625 0.1375 0.028125 0.021875
17 0.7453125 0.05078125 0.0484375 0.01796875
6 0.6484375 0.109375 0.03046875 0.02109375
39 0.56875 0.0625 0.015625 0.0109375
29 0.81328125 0.19296875 0.0265625 0.021875
10 0.82109375 0.315625 0.01640625 0.028125
26 0.815625 0.33515625 0.0265625 0.0234375
20 0.5296875 0.440625 0.02109375 0.015625
20 0.571875 0.4546875 0.0234375 0.015625
28 0.559375 0.41640625 0.0109375 0.025
10 0.5328125 0.378125 0.01796875 0.028125
7 0.528125 0.3515625 0.025 0.021875
2 0.52734375 0.328125 0.0265625 0.034375
33 0.7359375 0.45703125 0.028125 0.01953125
10 0.7734375 0.453125 0.04140625 0.0109375
2 0.7984375 0.45625 0.053125 0.01796875
5 0.765625 0.40703125 0.01953125 0.0140625
27 0.565625 0.54140625 0.0234375 0.01640625
23 0.6109375 0.5875 0.03359375 0.021875
20 0.5296875 0.653125 0.02109375 0.01640625
33 0.52734375 0.67109375 0.0265625 0.01953125
10 0.53203125 0.69609375 0.01640625 0.028125
31 0.56171875 0.70390625 0.015625 0.0140625
28 0.5609375 0.74453125 0.0140625 0.05
20 0.57421875 0.778125 0.01796875 0.015625
20 0.6125 0.77890625 0.01953125 0.0140625
13 0.615625 0.828125 0.0234375 0.03046875
16 0.584375 0.8671875 0.0109375 0.0375
37 0.46640625 0.928125 0.053125 0.021875
0 0.503125 0.9328125 0.01640625 0.0125
12 0.871875 0.76015625 0.0109375 0.0375
28 0.27109375 0.52890625 0.128125 0.00859375
28 0.38046875 0.546875 0.103125 0.00703125
10 0.084375 0.528125 0.040625 0.0109375
10 0.04609375 0.54765625 0.04140625 0.009375
10 0.00859375 0.721875 0.01640625 0.0265625
2 0.0140625 0.7546875 0.025 0.034375
7 0.01328125 0.77734375 0.0265625 0.0234375
10 0.0453125 0.93359375 0.040625 0.0109375
28 0.271875 0.99453125 0.15390625 0.00859375
28 0.00703125 0.1015625 0.0140625 0.0859375