22 0.65703125 0.4921875 0.03515625 0.02421875
22 0.71484375 0.70546875 0.03515625 0.02421875
22 0.3078125 0.7375 0.0359375 0.02421875
21 0.2015625 0.23515625 0.028125 0.02578125
21 0.4140625 0.23515625 0.0296875 0.02578125
21 0.5921875 0.13359375 0.028125 0.02578125
21 0.740625 0.13359375 0.028125 0.028125
21 0.59296875 0.29765625 0.028125 0.0265625
21 0.740625 0.296875 0.028125 0.02578125
21 0.71328125 0.41171875 0.0265625 0.0265625
21 0.2015625 0.3484375 0.028125 0.0265625
21 0.2015625 0.47890625 0.028125 0.0265625
21 0.4125 0.34921875 0.028125 0.02578125
21 0.41171875 0.4828125 0.0265625 0.0265625
20 0.44609375 0.06953125 0.0203125 0.01328125
10 0.4671875 0.03125 0.0390625 0.009375
13 0.46796875 0.02109375 0.02421875 0.0265625
37 0.4859375 0.07265625 0.04921875 0.02109375
25 0.63671875 0.02578125 0.03515625 0.02109375
24 0.89296875 0.11953125 0.01875 0.01875
37 0.83046875 0.1328125 0.03046875 0.03203125
18 0.8328125 0.15546875 0.0265625 0.02109375
17 0.76484375 0.071875 0.046875 0.0171875
6 0.671875 0.128125 0.0296875 0.0203125
39 0.59453125 0.0828125 0.01484375 0.0109375
29 0.83046875 0.209375 0.02578125 0.02109375
10 0.8375 0.32734375 0.01640625 0.0265625
26 0.8328125 0.346875 0.02578125 0.02265625
20 0.55703125 0.4484375 0.0203125 0.01484375
20 0.596875 0.46171875 0.02265625 0.01484375
28 0.5859375 0.425 0.0109375 0.02421875
10 0.559375 0.3875 0.0171875 0.0265625
7 0.5546875 0.36171875 0.02421875 0.02109375
2 0.55390625 0.33984375 0.02578125 0.03359375
33 0.75625 0.4640625 0.0265625 0.01875
10 0.7921875 0.46015625 0.03984375 0.0109375
2 0.81640625 0.46328125 0.05078125 0.0171875
5 0.784375 0.415625 0.01875 0.01328125
27 0.5921875 0.5453125 0.02265625 0.01640625
23 0.63515625 0.58984375 0.03203125 0.02109375
20 0.55703125 0.653125 0.0203125 0.01640625
33 0.55390625 0.6703125 0.02578125 0.01875
10 0.55859375 0.69453125 0.01640625 0.0265625
31 0.5875 0.70234375 0.01484375 0.01328125
28 0.5875 0.74140625 0.01328125 0.0484375
20 0.6 0.77421875 0.0171875 0.01484375
20 0.63671875 0.775 0.01875 0.01328125
13 0.63984375 0.821875 0.02265625 0.0296875
16 0.61015625 0.86015625 0.0109375 0.0359375
37 0.49609375 0.91796875 0.05078125 0.02109375
0 0.53046875 0.92265625 0.01640625 0.01171875
12 0.8875 0.75703125 0.0109375 0.0359375
28 0.30703125 0.53359375 0.1234375 0.0078125
28 0.4125 0.55 0.09921875 0.00703125
10 0.1265625 0.53203125 0.0390625 0.0109375
10 0.08984375 0.5515625 0.03984375 0.009375
10 0.05390625 0.71953125 0.01640625 0.02578125
2 0.05859375 0.7515625 0.02421875 0.03359375
7 0.05859375 0.77265625 0.02578125 0.02265625
10 0.0890625 0.9234375 0.0390625 0.0109375
28 0.3078125 0.9828125 0.1484375 0.0078125
28 0.05234375 0.1203125 0.01328125 0.0828125