22 0.33984375 0.690625 0.040625 0.028125
22 0.8140625 0.690625 0.04453125 0.028125
22 0.5234375 0.44921875 0.0421875 0.025
22 0.32734375 0.1859375 0.0421875 0.0265625
21 0.89375 0.3 0.03359375 0.028125
21 0.89296875 0.22734375 0.03203125 0.0265625
21 0.68125 0.22734375 0.03203125 0.0296875
20 0.57109375 0.26875 0.0234375 0.01953125
20 0.41875 0.3375 0.025 0.0171875
20 0.4265625 0.47890625 0.0234375 0.0171875
20 0.42109375 0.5609375 0.0234375 0.01796875
20 0.621875 0.5375 0.025 0.015625
20 0.7796875 0.5609375 0.0234375 0.015625
10 0.84140625 0.55859375 0.04921875 0.0109375
28 0.71796875 0.46640625 0.08828125 0.00859375
28 0.784375 0.403125 0.0140625 0.028125
14 0.68203125 0.31015625 0.17890625 0.07421875
30 0.80234375 0.33203125 0.04453125 0.025
5 0.7875 0.23046875 0.02265625 0.015625
7 0.66640625 0.103125 0.03046875 0.0265625
10 0.67265625 0.08046875 0.01796875 0.0296875
2 0.665625 0.11328125 0.0296875 0.03671875
28 0.375 0.028125 0.146875 0.0109375
33 0.08671875 0.0484375 0.03046875 0.01796875
37 0.0890625 0.075 0.03515625 0.03515625
37 0.0875 0.24140625 0.03515625 0.03515625
30 0.09453125 0.36953125 0.04375 0.02265625
21 0.153125 0.4 0.03203125 0.0296875
21 0.23671875 0.49609375 0.03359375 0.028125
21 0.31953125 0.39921875 0.03046875 0.028125
27 0.42734375 0.371875 0.028125 0.01796875
5 0.23671875 0.40234375 0.02265625 0.0140625
14 0.25 0.5171875 0.30390625 0.0640625
31 0.4234375 0.53046875 0.01796875 0.015625
10 0.6 0.68984375 0.01796875 0.03203125
10 0.65859375 0.82109375 0.04609375 0.0140625
28 0.86796875 0.821875 0.08828125 0.00859375
2 0.98828125 0.79453125 0.0234375 0.0375
10 0.99375 0.77890625 0.0125 0.03046875
28 0.37265625 0.82109375 0.08671875 0.01015625
10 0.0796875 0.77890625 0.0171875 0.028125
10 0.07890625 0.603125 0.01796875 0.0296875
23 0.60078125 0.4984375 0.0390625 0.025