22 0.6671875 0.3 0.0359375 0.025
22 0.24375 0.3 0.03984375 0.025
22 0.50234375 0.51484375 0.0375 0.02265625
22 0.67734375 0.75078125 0.0375 0.0234375
21 0.17265625 0.6484375 0.0296875 0.025
21 0.1734375 0.71328125 0.02890625 0.0234375
21 0.36171875 0.71328125 0.02890625 0.0265625
20 0.4609375 0.6765625 0.02109375 0.0171875
20 0.59609375 0.61484375 0.02265625 0.01484375
20 0.5890625 0.4890625 0.02109375 0.01484375
20 0.59453125 0.415625 0.02109375 0.01640625
20 0.41484375 0.43671875 0.02265625 0.0140625
20 0.27421875 0.415625 0.02109375 0.0140625
10 0.21953125 0.4171875 0.04375 0.01015625
28 0.3296875 0.5 0.07890625 0.0078125
28 0.2703125 0.55625 0.0125 0.025
14 0.3609375 0.6390625 0.16015625 0.06640625
30 0.25390625 0.6203125 0.03984375 0.02265625
5 0.2671875 0.7109375 0.0203125 0.0140625
7 0.375 0.82421875 0.02734375 0.0234375
10 0.36953125 0.84453125 0.01640625 0.0265625
2 0.37578125 0.81484375 0.0265625 0.0328125
28 0.6359375 0.89140625 0.13125 0.01015625
33 0.8921875 0.8734375 0.02734375 0.01640625
37 0.890625 0.84921875 0.03125 0.03125
37 0.8921875 0.70078125 0.03125 0.03125
30 0.8859375 0.5859375 0.0390625 0.0203125
21 0.8328125 0.559375 0.02890625 0.0265625
21 0.75859375 0.4734375 0.0296875 0.025
21 0.68515625 0.56015625 0.02734375 0.025
27 0.5890625 0.584375 0.025 0.01640625
5 0.75859375 0.5578125 0.0203125 0.0125
14 0.746875 0.4546875 0.27109375 0.0578125
31 0.5921875 0.44296875 0.01640625 0.0140625
10 0.434375 0.30078125 0.01640625 0.02890625
10 0.38203125 0.18359375 0.04140625 0.0125
28 0.1953125 0.1828125 0.07890625 0.0078125
2 0.0859375 0.20703125 0.0265625 0.03359375
10 0.08046875 0.22109375 0.01640625 0.02734375
28 0.6375 0.1828125 0.07734375 0.00859375
10 0.8984375 0.22109375 0.01484375 0.025
10 0.89921875 0.378125 0.01640625 0.0265625
23 0.43359375 0.47109375 0.03515625 0.02265625