22 0.3640625 0.76953125 0.03984375 0.02734375
22 0.83125 0.76953125 0.04453125 0.02734375
22 0.5453125 0.53203125 0.04140625 0.025
22 0.35234375 0.27109375 0.04140625 0.0265625
21 0.91015625 0.38359375 0.0328125 0.02734375
21 0.909375 0.3125 0.03203125 0.0265625
21 0.70078125 0.3125 0.03203125 0.02890625
20 0.5921875 0.35390625 0.0234375 0.01953125
20 0.4421875 0.42109375 0.025 0.01640625
20 0.44921875 0.5609375 0.0234375 0.01640625
20 0.44375 0.64140625 0.0234375 0.01796875
20 0.6421875 0.61796875 0.025 0.01484375
20 0.79765625 0.64140625 0.0234375 0.01484375
10 0.85859375 0.63984375 0.0484375 0.0109375
28 0.73671875 0.5484375 0.08671875 0.00859375
28 0.80234375 0.4859375 0.0140625 0.02734375
14 0.7015625 0.39453125 0.1765625 0.0734375
30 0.8203125 0.415625 0.04453125 0.025
5 0.80546875 0.315625 0.021875 0.01484375
7 0.68671875 0.18984375 0.03046875 0.0265625
10 0.69296875 0.16796875 0.01796875 0.02890625
2 0.6859375 0.2 0.02890625 0.0359375
28 0.3984375 0.11640625 0.1453125 0.0109375
33 0.11484375 0.1359375 0.03046875 0.01796875
37 0.11640625 0.1625 0.034375 0.034375
37 0.115625 0.3265625 0.034375 0.034375
30 0.121875 0.453125 0.04296875 0.021875
21 0.18046875 0.4828125 0.03203125 0.02890625
21 0.2625 0.57734375 0.0328125 0.02734375
21 0.34375 0.48203125 0.03046875 0.02734375
27 0.45 0.45546875 0.02734375 0.01796875
5 0.2625 0.48515625 0.021875 0.0140625
14 0.27578125 0.5984375 0.3 0.06328125
31 0.446875 0.6109375 0.01796875 0.01484375
10 0.62109375 0.76875 0.01796875 0.03203125
10 0.67890625 0.89765625 0.0453125 0.0140625
28 0.884375 0.89921875 0.08671875 0.00859375
2 0.99609375 0.871875 0.0078125 0.0375
28 0.39609375 0.8984375 0.0859375 0.009375
10 0.1078125 0.85625 0.01640625 0.02734375
10 0.10703125 0.6828125 0.01796875 0.02890625
23 0.621875 0.58046875 0.0390625 0.025