22 0.35390625 0.459375 0.03671875 0.02421875
22 0.2953125 0.67109375 0.03671875 0.02421875
22 0.71171875 0.703125 0.03515625 0.0234375
21 0.26640625 0.103125 0.0296875 0.02734375
21 0.41953125 0.10234375 0.02890625 0.02578125
21 0.2671875 0.265625 0.02890625 0.02578125
21 0.41953125 0.265625 0.02890625 0.02578125
21 0.2953125 0.3796875 0.02890625 0.02578125
21 0.6015625 0.20546875 0.02890625 0.02734375
21 0.81875 0.2046875 0.02890625 0.02578125
21 0.81953125 0.3171875 0.02734375 0.02578125
21 0.81953125 0.44609375 0.02734375 0.02578125
21 0.6046875 0.3171875 0.02734375 0.02578125
21 0.60390625 0.45078125 0.02890625 0.02578125
24 0.11015625 0.08515625 0.01875 0.0203125
37 0.17578125 0.1046875 0.03359375 0.0328125
18 0.1734375 0.13046875 0.02890625 0.021875
17 0.22109375 0.04296875 0.04765625 0.0203125
10 0.16796875 0.29453125 0.01796875 0.02734375
26 0.17421875 0.31953125 0.02734375 0.021875
29 0.1828125 0.17890625 0.02890625 0.0203125
6 0.346875 0.09765625 0.02890625 0.021875
39 0.41796875 0.05390625 0.01484375 0.009375
39 0.3734375 0.00234375 0.034375 0.0046875
37 0.528125 0.04375 0.05 0.021875
10 0.546875 0.00390625 0.0390625 0.0078125
13 0.54609375 0.00234375 0.0234375 0.0046875
20 0.5671875 0.03984375 0.01796875 0.01484375
28 0.97265625 0.090625 0.01328125 0.08046875
7 0.45859375 0.34140625 0.02578125 0.021875
2 0.4578125 0.3296875 0.02421875 0.03359375
10 0.4515625 0.36015625 0.01484375 0.02421875
28 0.4265625 0.39296875 0.0109375 0.02421875
20 0.45546875 0.41640625 0.0203125 0.01484375
20 0.4140625 0.4296875 0.01875 0.01484375
27 0.41953125 0.51328125 0.0234375 0.01484375
23 0.3921875 0.5703125 0.03359375 0.021875
20 0.45546875 0.6203125 0.021875 0.01484375
33 0.45859375 0.6375 0.02578125 0.01640625
10 0.45234375 0.6609375 0.01640625 0.02578125
31 0.4234375 0.66875 0.01484375 0.01328125
28 0.42421875 0.70625 0.0125 0.04921875
20 0.4109375 0.73984375 0.0203125 0.0125
20 0.3734375 0.740625 0.021875 0.01328125
16 0.4015625 0.82578125 0.009375 0.03671875
13 0.37109375 0.78671875 0.02421875 0.0296875
0 0.48125 0.88671875 0.01875 0.0125
12 0.1171875 0.721875 0.0109375 0.03671875
28 0.71171875 0.94609375 0.15234375 0.009375
10 0.93359375 0.88828125 0.040625 0.009375
7 0.96484375 0.73203125 0.02734375 0.0234375
2 0.96484375 0.7 0.02734375 0.03515625
10 0.97109375 0.68515625 0.01484375 0.02578125
10 0.89609375 0.49921875 0.0421875 0.009375
10 0.93515625 0.51796875 0.040625 0.009375
28 0.60390625 0.5171875 0.1015625 0.009375
28 0.71171875 0.5015625 0.12734375 0.0078125
2 0.17109375 0.43046875 0.03828125 0.01640625
10 0.21484375 0.42734375 0.040625 0.0125
33 0.25234375 0.43125 0.02578125 0.01796875
5 0.221875 0.38359375 0.0203125 0.0125
8 0.165625 0.70546875 0.0109375 0.03125