22 0.6375 0.509375 0.03515625 0.0234375
22 0.69296875 0.3078125 0.03515625 0.0234375
22 0.296875 0.27734375 0.03359375 0.021875
21 0.72109375 0.84765625 0.028125 0.02578125
21 0.57578125 0.8484375 0.02734375 0.02421875
21 0.7203125 0.69296875 0.02734375 0.02421875
21 0.57578125 0.69296875 0.02734375 0.02421875
21 0.69296875 0.584375 0.02734375 0.02421875
21 0.40234375 0.75078125 0.02734375 0.02578125
21 0.19609375 0.7515625 0.02734375 0.02421875
21 0.1953125 0.64375 0.02578125 0.02421875
21 0.1953125 0.52109375 0.02578125 0.02421875
21 0.39921875 0.64375 0.02578125 0.02421875
21 0.4 0.5171875 0.02734375 0.02421875
24 0.86953125 0.86484375 0.01796875 0.01953125
37 0.80703125 0.84609375 0.03203125 0.03125
18 0.809375 0.821875 0.02734375 0.0203125
17 0.7640625 0.9046875 0.0453125 0.01953125
10 0.81484375 0.665625 0.01640625 0.02578125
26 0.80859375 0.6421875 0.02578125 0.0203125
29 0.8 0.77578125 0.02734375 0.01953125
6 0.64375 0.85234375 0.02734375 0.0203125
39 0.5765625 0.89453125 0.0140625 0.009375
39 0.61796875 0.95 0.03203125 0.01953125
37 0.471875 0.9046875 0.04765625 0.0203125
10 0.45390625 0.9421875 0.0375 0.009375
13 0.45390625 0.953125 0.021875 0.02578125
20 0.434375 0.9078125 0.01640625 0.0140625
28 0.04921875 0.86015625 0.01328125 0.0765625
7 0.53828125 0.62109375 0.02421875 0.0203125
2 0.5390625 0.6328125 0.0234375 0.03203125
10 0.54453125 0.603125 0.0140625 0.0234375
28 0.56875 0.57265625 0.01015625 0.0234375
20 0.540625 0.55 0.01953125 0.0140625
20 0.58046875 0.53671875 0.01796875 0.0140625
27 0.57578125 0.4578125 0.021875 0.0140625
23 0.6015625 0.403125 0.03203125 0.0203125
20 0.54140625 0.35625 0.0203125 0.0140625
33 0.53828125 0.33984375 0.02421875 0.015625
10 0.54375 0.3171875 0.015625 0.02421875
31 0.571875 0.31015625 0.0140625 0.01328125
28 0.5703125 0.27421875 0.01171875 0.046875
20 0.58359375 0.2421875 0.01953125 0.01171875
20 0.61875 0.24140625 0.0203125 0.01328125
16 0.5921875 0.1609375 0.009375 0.03515625
13 0.62109375 0.19765625 0.0234375 0.028125
0 0.51640625 0.10234375 0.01796875 0.01171875
12 0.86328125 0.259375 0.01015625 0.03515625
28 0.296875 0.04609375 0.14453125 0.009375
10 0.08671875 0.1015625 0.0390625 0.009375
7 0.05703125 0.25 0.02578125 0.021875
2 0.05703125 0.28046875 0.02578125 0.03359375
10 0.05078125 0.29375 0.0140625 0.02421875
10 0.121875 0.47109375 0.03984375 0.009375
10 0.08515625 0.453125 0.0390625 0.009375
28 0.4 0.45390625 0.096875 0.009375
28 0.296875 0.46875 0.12109375 0.0078125
2 0.81171875 0.5359375 0.0359375 0.015625
10 0.7703125 0.5390625 0.0390625 0.01171875
33 0.734375 0.53515625 0.02421875 0.01640625
5 0.76328125 0.58046875 0.01953125 0.01171875
8 0.81640625 0.27421875 0.01015625 0.0296875