22 0.35 0.50234375 0.034375 0.02265625
22 0.2953125 0.7 0.034375 0.02265625
22 0.68359375 0.7296875 0.0328125 0.021875
21 0.26796875 0.17109375 0.028125 0.025
21 0.4109375 0.1703125 0.0265625 0.02421875
21 0.26875 0.321875 0.0265625 0.02421875
21 0.4109375 0.321875 0.0265625 0.02421875
21 0.2953125 0.428125 0.0265625 0.02421875
21 0.58046875 0.265625 0.0265625 0.025
21 0.7828125 0.26484375 0.0265625 0.02421875
21 0.78359375 0.3703125 0.025 0.02421875
21 0.78359375 0.490625 0.025 0.02421875
21 0.58359375 0.3703125 0.025 0.02421875
21 0.5828125 0.49453125 0.0265625 0.02421875
24 0.12265625 0.15390625 0.01796875 0.01875
37 0.184375 0.171875 0.03203125 0.03046875
18 0.18203125 0.19609375 0.0265625 0.0203125
17 0.22578125 0.11484375 0.04453125 0.01875
10 0.1765625 0.34921875 0.01640625 0.025
26 0.18203125 0.371875 0.025 0.0203125
29 0.190625 0.24140625 0.0265625 0.01875
6 0.34375 0.165625 0.0265625 0.0203125
39 0.409375 0.125 0.0140625 0.00859375
39 0.36875 0.0703125 0.03203125 0.01875
37 0.51171875 0.11484375 0.046875 0.0203125
10 0.5296875 0.078125 0.03671875 0.00859375
13 0.5296875 0.0671875 0.021875 0.025
20 0.5484375 0.11171875 0.01640625 0.0140625
28 0.9265625 0.15859375 0.0125 0.075
7 0.44765625 0.3921875 0.02421875 0.0203125
2 0.446875 0.38203125 0.02265625 0.03203125
10 0.44140625 0.41015625 0.0140625 0.02265625
28 0.41796875 0.440625 0.01015625 0.02265625
20 0.4453125 0.4625 0.01875 0.0140625
20 0.40625 0.475 0.01796875 0.0140625
27 0.4109375 0.55234375 0.021875 0.0140625
23 0.38515625 0.60625 0.03203125 0.0203125
20 0.44453125 0.65234375 0.0203125 0.0140625
33 0.44765625 0.66796875 0.02421875 0.01484375
10 0.44140625 0.690625 0.01484375 0.02421875
31 0.41484375 0.69765625 0.0140625 0.0125
28 0.415625 0.7328125 0.01171875 0.0453125
20 0.403125 0.7640625 0.01875 0.01171875
20 0.36796875 0.76484375 0.0203125 0.0125
16 0.39453125 0.84375 0.00859375 0.034375
13 0.365625 0.8078125 0.02265625 0.028125
0 0.46796875 0.90078125 0.01796875 0.01171875
12 0.12890625 0.74765625 0.01015625 0.034375
28 0.68359375 0.95625 0.14140625 0.00859375
10 0.88984375 0.9015625 0.03828125 0.00859375
7 0.91875 0.75625 0.025 0.021875
2 0.91875 0.7265625 0.025 0.0328125
10 0.925 0.71328125 0.0140625 0.02421875
10 0.8546875 0.53984375 0.0390625 0.00859375
10 0.89140625 0.5578125 0.03828125 0.00859375
28 0.5828125 0.55625 0.0953125 0.00859375
28 0.68359375 0.54140625 0.11875 0.0078125
2 0.1796875 0.47578125 0.03515625 0.01484375
10 0.2203125 0.47265625 0.03828125 0.01171875
33 0.2546875 0.4765625 0.02421875 0.01640625
5 0.22734375 0.43203125 0.01875 0.01171875
8 0.175 0.73203125 0.01015625 0.02890625