22 0.7171875 0.6796875 0.0515625 0.0421875
22 0.72578125 0.30390625 0.04375 0.02890625
22 0.434375 0.15078125 0.053125 0.03515625
22 0.16640625 0.14921875 0.04765625 0.03515625
22 0.31015625 0.40390625 0.040625 0.03359375
21 0.15234375 0.79140625 0.040625 0.0390625
21 0.15234375 0.68359375 0.03828125 0.04375
21 0.30859375 0.6796875 0.03515625 0.0421875
21 0.309375 0.57265625 0.04453125 0.04453125
21 0.153125 0.5703125 0.03671875 0.03515625
21 0.46484375 0.78828125 0.040625 0.03828125
21 0.4640625 0.6796875 0.0421875 0.02890625
21 0.46171875 0.56796875 0.0296875 0.04921875
21 0.48203125 0.021875 0.03515625 0.04375
21 0.12265625 0.321875 0.03828125 0.0328125
21 0.05859375 0.46796875 0.03515625 0.03671875
21 0.17734375 0.46796875 0.03125 0.0421875
21 0.31015625 0.78671875 0.03671875 0.03515625
12 0.003125 0.58203125 0.00625 0.0484375
37 0.09609375 0.82109375 0.04609375 0.0203125
37 0.0515625 0.81484375 0.02734375 0.02578125
18 0.05078125 0.77578125 0.03125 0.01875
26 0.05 0.79375 0.04609375 0.01328125
29 0.05546875 0.7078125 0.03828125 0.0328125
26 0.0484375 0.65625 0.03359375 0.021875
4 0.22578125 0.73984375 0.04375 0.02890625
25 0.26640625 0.8765625 0.03515625 0.0328125
8 0.06015625 0.52890625 0.0515625 0.01796875
20 0.09609375 0.52109375 0.0296875 0.0234375
4 0.09140625 0.49375 0.03671875 0.02578125
37 0.43984375 0.821875 0.04921875 0.01875
10 0.12265625 0.3828125 0.0546875 0.0203125
28 0.23046875 0.4875 0.03671875 0.040625
27 0.25390625 0.38828125 0.0296875 0.0203125
20 0.3703125 0.5234375 0.02890625 0.02421875
20 0.390625 0.5484375 0.0421875 0.0234375
10 0.559375 0.5453125 0.06640625 0.0234375
10 0.475 0.49296875 0.0234375 0.02421875
37 0.5046875 0.49453125 0.02578125 0.0296875
33 0.515625 0.51796875 0.03359375 0.0203125
33 0.47109375 0.51484375 0.0328125 0.02734375
2 0.475 0.471875 0.03125 0.0234375
38 0.47890625 0.4453125 0.0125 0.04453125
23 0.31328125 0.24921875 0.03125 0.03125
20 0.21875 0.26796875 0.0328125 0.021875
28 0.09375 0.29296875 0.0703125 0.01484375
28 0.125 0.2734375 0.1171875 0.01796875
10 0.0171875 0.25625 0.03125 0.0421875
10 0.0171875 0.0953125 0.03125 0.04375
0 0.38359375 0.0796875 0.0234375 0.0234375
20 0.4140625 0.08046875 0.02734375 0.01796875
15 0.35625 0.08046875 0.040625 0.02734375
20 0.57734375 0.16953125 0.021875 0.03828125
10 0.521875 0.19375 0.03828125 0.0203125
10 0.503125 0.228125 0.0203125 0.03828125
10 0.5046875 0.3984375 0.0203125 0.040625
28 0.771875 0.01953125 0.14140625 0.01796875
10 0.9484375 0.09609375 0.01328125 0.0390625
7 0.94140625 0.28671875 0.02421875 0.0296875
10 0.94375 0.3125 0.02578125 0.02421875
2 0.946875 0.33125 0.02734375 0.01875
28 0.9453125 0.4453125 0.02578125 0.0640625
10 0.8640625 0.5234375 0.04921875 0.01875
10 0.91796875 0.68828125 0.0203125 0.0421875
10 0.5390625 0.946875 0.040625 0.01640625
20 0.55078125 0.94296875 0.02578125 0.0296875
10 0.525 0.984375 0.04765625 0.01796875
13 0.52734375 0.9890625 0.03828125 0.021875
10 0.91953125 0.93359375 0.02421875 0.0328125
7 0.91171875 0.9140625 0.04609375 0.01875
2 0.9140625 0.8890625 0.02890625 0.03359375
3 0.0703125 0.3265625 0.02421875 0.02890625