22 0.73359375 0.33359375 0.04921875 0.03984375
22 0.74140625 0.68984375 0.04140625 0.02734375
22 0.465625 0.834375 0.05 0.03359375
22 0.2125 0.83515625 0.0453125 0.03359375
22 0.3484375 0.59453125 0.03828125 0.03203125
21 0.19921875 0.228125 0.03828125 0.0375
21 0.19921875 0.33046875 0.0359375 0.04140625
21 0.346875 0.33359375 0.03359375 0.03984375
21 0.34765625 0.43515625 0.0421875 0.0421875
21 0.2 0.43671875 0.034375 0.03359375
21 0.49453125 0.23125 0.03828125 0.0359375
21 0.49453125 0.33359375 0.03984375 0.02734375
21 0.4921875 0.43984375 0.028125 0.04609375
21 0.51171875 0.95859375 0.03359375 0.0453125
21 0.17109375 0.671875 0.0359375 0.03046875
21 0.11015625 0.534375 0.03359375 0.034375
21 0.22265625 0.534375 0.0296875 0.03984375
21 0.34921875 0.2328125 0.034375 0.03359375
12 0.053125 0.4265625 0.01640625 0.04609375
24 0.0453125 0.22109375 0.03046875 0.03046875
37 0.146875 0.2 0.04375 0.01953125
37 0.10390625 0.20625 0.02578125 0.02421875
18 0.103125 0.24296875 0.0296875 0.01796875
26 0.103125 0.2265625 0.04375 0.0125
29 0.1078125 0.30703125 0.0359375 0.03046875
26 0.10078125 0.35625 0.03203125 0.0203125
4 0.26875 0.27734375 0.04140625 0.02734375
25 0.30703125 0.14765625 0.03359375 0.03046875
8 0.11171875 0.4765625 0.04921875 0.01640625
20 0.146875 0.48359375 0.028125 0.021875
4 0.1421875 0.509375 0.034375 0.02421875
37 0.471875 0.19921875 0.04609375 0.01796875
13 0.01640625 0.47578125 0.0328125 0.0359375
10 0.17109375 0.61484375 0.0515625 0.01953125
28 0.2734375 0.515625 0.034375 0.03828125
27 0.2953125 0.61015625 0.028125 0.01953125
20 0.40546875 0.48203125 0.02734375 0.0234375
20 0.425 0.45859375 0.03984375 0.021875
10 0.584375 0.4609375 0.06328125 0.021875
10 0.5046875 0.51015625 0.021875 0.0234375
37 0.5328125 0.509375 0.02421875 0.028125
33 0.54296875 0.48671875 0.03203125 0.01953125
33 0.5015625 0.48984375 0.03046875 0.02578125
2 0.5046875 0.53046875 0.0296875 0.021875
38 0.50859375 0.55625 0.01171875 0.0421875
23 0.3515625 0.740625 0.0296875 0.0296875
20 0.2625 0.7234375 0.03046875 0.0203125
28 0.14375 0.7 0.0671875 0.0140625
28 0.1734375 0.71796875 0.11015625 0.01640625
10 0.07109375 0.734375 0.0296875 0.03984375
10 0.07109375 0.88671875 0.0296875 0.04140625
0 0.41875 0.9015625 0.021875 0.021875
20 0.44765625 0.9 0.02578125 0.01640625
15 0.3921875 0.90078125 0.03828125 0.02578125
20 0.6015625 0.81640625 0.0203125 0.0359375
10 0.54921875 0.79375 0.0359375 0.01953125
10 0.53125 0.7609375 0.01953125 0.0359375
10 0.5328125 0.6 0.01953125 0.03828125
28 0.78515625 0.95859375 0.13359375 0.01640625
10 0.95234375 0.8859375 0.0125 0.0375
7 0.94609375 0.70546875 0.0234375 0.028125
10 0.94765625 0.68125 0.02421875 0.0234375
2 0.95078125 0.66328125 0.02578125 0.01796875
28 0.94921875 0.55625 0.02421875 0.06015625
10 0.87265625 0.48203125 0.04609375 0.01796875
10 0.9234375 0.32578125 0.01953125 0.03984375
10 0.565625 0.08125 0.03828125 0.015625
20 0.5765625 0.08515625 0.02421875 0.028125
10 0.55234375 0.0453125 0.0453125 0.01640625
13 0.55390625 0.0359375 0.0359375 0.03046875
10 0.92578125 0.09375 0.0234375 0.03046875
7 0.91796875 0.11171875 0.04375 0.01796875
2 0.91953125 0.1359375 0.02734375 0.03203125
16 0.025 0.90078125 0.01953125 0.0515625
3 0.121875 0.66796875 0.0234375 0.02734375