30 0.57734375 0.40859375 0.01640625 0.0359375
21 0.52890625 0.3953125 0.02265625 0.03046875
21 0.47578125 0.3921875 0.02265625 0.0421875
21 0.4984375 0.328125 0.0265625 0.028125
21 0.4140625 0.3390625 0.0265625 0.03203125
21 0.296875 0.3390625 0.0265625 0.034375
22 0.3921875 0.45078125 0.021875 0.04453125
22 0.1875 0.3953125 0.0421875 0.02890625
3 0.5 0.3640625 0.015625 0.028125
14 0.5015625 0.44921875 0.07109375 0.06328125
20 0.44765625 0.3640625 0.0125 0.0203125
23 0.3484375 0.3265625 0.02578125 0.03203125
10 0.3140625 0.26171875 0.0328125 0.01640625
28 0.246875 0.23828125 0.04296875 0.01875
28 0.30625 0.52578125 0.0484375 0.01875
28 0.19375 0.52890625 0.0484375 0.01171875
20 0.30625 0.3890625 0.01875 0.02265625
20 0.271875 0.378125 0.015625 0.02265625
23 0.3015625 0.4125 0.0203125 0.02578125
10 0.11015625 0.46484375 0.01640625 0.034375
10 0.11015625 0.32578125 0.01171875 0.04609375
31 0.28828125 0.48828125 0.0140625 0.02578125
10 0.2703125 0.4890625 0.01875 0.021875
2 0.271875 0.46953125 0.01875 0.01796875
7 0.271875 0.5078125 0.0140625 0.0203125