22 0.7171875 0.4078125 0.05625 0.04296875
22 0.73828125 0.7140625 0.06171875 0.03828125
22 0.5984375 0.584375 0.0453125 0.0453125
22 0.42578125 0.57890625 0.0625 0.0453125
22 0.18671875 0.415625 0.053125 0.04375
22 0.16875 0.72109375 0.0359375 0.03984375
21 0.43125 0.7265625 0.03359375 0.0453125
21 0.47265625 0.83828125 0.04140625 0.03359375
21 0.40234375 0.83984375 0.0296875 0.05078125
21 0.46328125 0.32890625 0.03359375 0.03828125
21 0.52421875 0.4203125 0.0296875 0.0453125
21 0.40234375 0.4171875 0.0296875 0.053125
10 0.80703125 0.2921875 0.03984375 0.02109375
10 0.64609375 0.3 0.0359375 0.0296875
10 0.56953125 0.35234375 0.01875 0.0375
2 0.57421875 0.3890625 0.028125 0.03984375
28 0.86171875 0.440625 0.02109375 0.07578125
20 0.65546875 0.51171875 0.028125 0.0265625
10 0.76171875 0.54140625 0.05234375 0.02109375
10 0.85546875 0.865625 0.03828125 0.04296875
10 0.628125 0.853125 0.034375 0.05078125
10 0.61953125 0.6796875 0.0203125 0.04765625
20 0.6453125 0.65390625 0.0375 0.03359375
31 0.63203125 0.625 0.0375 0.0171875
28 0.7296875 0.8859375 0.10703125 0.02265625
3 0.440625 0.8015625 0.025 0.03203125
14 0.4796875 0.71875 0.065625 0.128125
28 0.44140625 0.65234375 0.06171875 0.02109375
20 0.55390625 0.54296875 0.03828125 0.01875
14 0.5265625 0.36953125 0.071875 0.17890625
30 0.39140625 0.30390625 0.046875 0.0375
3 0.39921875 0.34296875 0.0359375 0.0296875
10 0.30078125 0.29765625 0.0546875 0.028125
28 0.15703125 0.29609375 0.1203125 0.015625
10 0.01796875 0.3328125 0.03046875 0.04921875
10 0.01796875 0.503125 0.02265625 0.06796875
10 0.17734375 0.53828125 0.0453125 0.0203125
10 0.24296875 0.5640625 0.04296875 0.0265625
27 0.3796875 0.553125 0.025 0.03984375
37 0.0890625 0.5625 0.03203125 0.0265625
37 0.059375 0.5640625 0.028125 0.0296875
20 0.353125 0.45703125 0.02421875 0.03984375
20 0.3546875 0.64921875 0.02109375 0.034375
20 0.325 0.7390625 0.0296875 0.028125
10 0.29375 0.93515625 0.028125 0.04921875
28 0.1703125 0.9703125 0.10703125 0.028125
2 0.01875 0.83515625 0.02109375 0.028125
7 0.01875 0.8578125 0.0296875 0.02265625
10 0.01796875 0.878125 0.025 0.028125