22 0.246875 0.5984375 0.05546875 0.0421875
22 0.22578125 0.296875 0.06015625 0.03828125
22 0.36328125 0.425 0.04453125 0.04453125
22 0.53359375 0.43046875 0.06171875 0.04453125
22 0.76875 0.59140625 0.05234375 0.04296875
22 0.78671875 0.28984375 0.03515625 0.0390625
21 0.528125 0.28515625 0.0328125 0.04453125
21 0.4875 0.175 0.040625 0.0328125
21 0.55625 0.1734375 0.02890625 0.05
21 0.496875 0.6765625 0.0328125 0.03828125
21 0.43671875 0.58671875 0.02890625 0.04453125
21 0.55625 0.5890625 0.02890625 0.05234375
10 0.15859375 0.7125 0.0390625 0.02109375
10 0.3171875 0.7046875 0.03515625 0.02890625
10 0.3921875 0.65390625 0.01875 0.03671875
2 0.3875 0.6171875 0.02734375 0.0390625
28 0.1046875 0.56640625 0.02109375 0.075
20 0.3078125 0.49609375 0.02734375 0.0265625
10 0.203125 0.4671875 0.0515625 0.02109375
10 0.1109375 0.1484375 0.03828125 0.0421875
10 0.334375 0.16015625 0.034375 0.05
10 0.34296875 0.33046875 0.01953125 0.046875
20 0.31796875 0.35625 0.03671875 0.0328125
31 0.33046875 0.38515625 0.03671875 0.0171875
28 0.23515625 0.128125 0.1046875 0.02265625
3 0.51875 0.2109375 0.025 0.03125
14 0.48125 0.29296875 0.0640625 0.12578125
28 0.51875 0.35859375 0.06015625 0.02109375
20 0.4078125 0.465625 0.03828125 0.01875
14 0.434375 0.63671875 0.07109375 0.17578125
30 0.56796875 0.70078125 0.04609375 0.03671875
3 0.559375 0.6625 0.03515625 0.02890625
10 0.65703125 0.70703125 0.05390625 0.02734375
28 0.79765625 0.70859375 0.11796875 0.015625
10 0.93515625 0.67265625 0.03046875 0.0484375
10 0.93515625 0.5046875 0.02265625 0.0671875
10 0.778125 0.4703125 0.04453125 0.01953125
10 0.7140625 0.44453125 0.0421875 0.0265625
27 0.5796875 0.45546875 0.025 0.0390625
37 0.86484375 0.44609375 0.03125 0.0265625
37 0.89453125 0.44453125 0.02734375 0.02890625
20 0.6046875 0.55 0.0234375 0.0390625
20 0.60390625 0.3609375 0.02109375 0.034375
20 0.6328125 0.27265625 0.02890625 0.02734375
10 0.66328125 0.0796875 0.02734375 0.0484375
28 0.78515625 0.0453125 0.1046875 0.02734375
2 0.934375 0.178125 0.02109375 0.02734375
7 0.934375 0.15546875 0.02890625 0.02265625
10 0.93515625 0.1359375 0.025 0.02734375