22 0.73046875 0.41953125 0.053125 0.040625
22 0.75078125 0.71171875 0.05859375 0.03671875
22 0.6171875 0.5875 0.04296875 0.04296875
22 0.45234375 0.5828125 0.06015625 0.04296875
22 0.22421875 0.4265625 0.05078125 0.0421875
22 0.20703125 0.71875 0.034375 0.03828125
21 0.45703125 0.72421875 0.03203125 0.04296875
21 0.496875 0.83046875 0.0390625 0.03203125
21 0.4296875 0.83203125 0.028125 0.0484375
21 0.48828125 0.34453125 0.03203125 0.03671875
21 0.54609375 0.43125 0.028125 0.04296875
21 0.4296875 0.42890625 0.028125 0.05078125
10 0.815625 0.309375 0.03828125 0.0203125
10 0.6625 0.31640625 0.034375 0.028125
10 0.5890625 0.36640625 0.01796875 0.0359375
2 0.59375 0.40234375 0.0265625 0.03828125
28 0.86796875 0.45078125 0.0203125 0.07265625
20 0.67109375 0.51875 0.0265625 0.02578125
10 0.77265625 0.546875 0.05 0.0203125
10 0.86171875 0.85625 0.03671875 0.040625
10 0.6453125 0.84453125 0.0328125 0.0484375
10 0.63671875 0.6796875 0.01875 0.04609375
20 0.66171875 0.6546875 0.0359375 0.03203125
31 0.64921875 0.6265625 0.0359375 0.01640625
28 0.74140625 0.87578125 0.1015625 0.021875
3 0.46640625 0.7953125 0.02421875 0.03046875
14 0.503125 0.71640625 0.0625 0.121875
28 0.4671875 0.65234375 0.05859375 0.0203125
20 0.57421875 0.5484375 0.03671875 0.01796875
14 0.5484375 0.3828125 0.06875 0.1703125
30 0.41953125 0.3203125 0.04453125 0.0359375
3 0.4265625 0.3578125 0.034375 0.028125
10 0.3328125 0.31484375 0.05234375 0.0265625
28 0.19609375 0.31328125 0.11484375 0.015625
10 0.06328125 0.34765625 0.02890625 0.046875
10 0.06328125 0.5109375 0.021875 0.06484375
10 0.21484375 0.54375 0.04296875 0.01875
10 0.27734375 0.56875 0.040625 0.02578125
27 0.4078125 0.55859375 0.02421875 0.03828125
37 0.13125 0.5671875 0.03046875 0.02578125
37 0.10234375 0.56875 0.0265625 0.028125
20 0.3828125 0.4671875 0.02265625 0.03828125
20 0.384375 0.65 0.0203125 0.0328125
20 0.35625 0.7359375 0.028125 0.0265625
10 0.3265625 0.92265625 0.0265625 0.046875
28 0.20859375 0.95625 0.1015625 0.0265625
2 0.06328125 0.82734375 0.0203125 0.0265625
7 0.06328125 0.84921875 0.028125 0.021875
10 0.06328125 0.86796875 0.02421875 0.0265625