22 0.28984375 0.603125 0.03828125 0.04375
22 0.27890625 0.28828125 0.03984375 0.046875
22 0.51796875 0.434375 0.04921875 0.046875
22 0.6765625 0.434375 0.0359375 0.053125
22 0.796875 0.61171875 0.04140625 0.04140625
22 0.81953125 0.3046875 0.03828125 0.05234375
21 0.49453125 0.17421875 0.03203125 0.046875
21 0.56484375 0.1734375 0.03359375 0.0375
21 0.525 0.28828125 0.03359375 0.0453125
21 0.49453125 0.60234375 0.0265625 0.04140625
21 0.55390625 0.69375 0.03359375 0.04921875
21 0.61015625 0.59921875 0.0359375 0.03828125
10 0.12109375 0.68984375 0.02109375 0.046875
10 0.39296875 0.7234375 0.04296875 0.0171875
10 0.1234375 0.50703125 0.0203125 0.05078125
10 0.27578125 0.4796875 0.05625 0.02421875
37 0.340625 0.45234375 0.04140625 0.03203125
33 0.15859375 0.45078125 0.03203125 0.03203125
37 0.19765625 0.45234375 0.05234375 0.03359375
28 0.2703125 0.72265625 0.09453125 0.02109375
30 0.4828125 0.7171875 0.04296875 0.03203125
3 0.49765625 0.67421875 0.0359375 0.04140625
14 0.6203125 0.65234375 0.05859375 0.17578125
20 0.44765625 0.5671875 0.02265625 0.04140625
20 0.53828125 0.55 0.02265625 0.028125
20 0.64765625 0.4703125 0.0359375 0.02421875
20 0.73984375 0.5 0.03203125 0.0296875
20 0.44296875 0.36953125 0.03046875 0.034375
20 0.4203125 0.2796875 0.03984375 0.02265625
20 0.7265625 0.36796875 0.04296875 0.0265625
2 0.128125 0.1859375 0.03984375 0.046875
7 0.13203125 0.159375 0.05078125 0.0203125
10 0.12734375 0.134375 0.0359375 0.03203125
28 0.27109375 0.04453125 0.0921875 0.025
10 0.3890625 0.0765625 0.015625 0.04921875
27 0.475 0.4625 0.02421875 0.03984375
30 0.5796875 0.134375 0.04140625 0.03046875
3 0.5296875 0.209375 0.03828125 0.0265625
10 0.6578125 0.63203125 0.028125 0.0375
10 0.72734375 0.7234375 0.04140625 0.01484375
10 0.88125 0.72265625 0.0453125 0.01875
28 0.92734375 0.57734375 0.028125 0.08828125
10 0.83515625 0.4984375 0.03828125 0.01875
10 0.84140625 0.47421875 0.034375 0.0171875
2 0.86328125 0.50234375 0.025 0.034375
31 0.715625 0.390625 0.0296875 0.01875
10 0.7015625 0.34609375 0.02421875 0.04140625
10 0.6984375 0.1609375 0.01328125 0.046875
10 0.9328125 0.1453125 0.01484375 0.0453125
28 0.8046875 0.12890625 0.084375 0.025
14 0.56875 0.29609375 0.0734375 0.128125
28 0.5328125 0.365625 0.06015625 0.02109375