22 0.29765625 0.55703125 0.03828125 0.04375
22 0.2859375 0.24609375 0.03984375 0.04609375
22 0.5234375 0.38984375 0.0484375 0.04609375
22 0.68046875 0.390625 0.0359375 0.053125
22 0.7984375 0.565625 0.040625 0.040625
22 0.82109375 0.26171875 0.03828125 0.0515625
21 0.5 0.1328125 0.03203125 0.04609375
21 0.56953125 0.13203125 0.0328125 0.03671875
21 0.5296875 0.2453125 0.0328125 0.04453125
21 0.5 0.55625 0.0265625 0.040625
21 0.55859375 0.646875 0.0328125 0.0484375
21 0.6140625 0.553125 0.0359375 0.03828125
10 0.13046875 0.64296875 0.02109375 0.04609375
10 0.4 0.67578125 0.0421875 0.0171875
10 0.1328125 0.46171875 0.01953125 0.05
10 0.28359375 0.43515625 0.05546875 0.0234375
37 0.34765625 0.4078125 0.040625 0.03203125
33 0.1671875 0.40625 0.03203125 0.03203125
37 0.20625 0.40859375 0.0515625 0.0328125
28 0.27734375 0.67578125 0.09375 0.02109375
30 0.48828125 0.6703125 0.0421875 0.03203125
3 0.503125 0.62734375 0.0359375 0.040625
14 0.62421875 0.60546875 0.0578125 0.17421875
20 0.453125 0.521875 0.02265625 0.040625
20 0.54296875 0.5046875 0.02265625 0.02734375
20 0.65078125 0.42578125 0.0359375 0.0234375
20 0.74296875 0.45546875 0.03203125 0.02890625
20 0.44921875 0.32578125 0.03046875 0.034375
20 0.42578125 0.23671875 0.03984375 0.02265625
20 0.7296875 0.32421875 0.0421875 0.0265625
2 0.1375 0.14453125 0.03984375 0.04609375
7 0.14140625 0.11796875 0.05 0.01953125
10 0.13671875 0.09375 0.0359375 0.03203125
28 0.27890625 0.00859375 0.09140625 0.0171875
10 0.39609375 0.0359375 0.015625 0.0484375
27 0.48046875 0.41796875 0.0234375 0.03984375
30 0.58359375 0.09296875 0.040625 0.03046875
3 0.53515625 0.1671875 0.03828125 0.0265625
10 0.66171875 0.5859375 0.02734375 0.03671875
10 0.73046875 0.67578125 0.040625 0.01484375
10 0.8828125 0.67578125 0.04453125 0.01875
28 0.928125 0.53203125 0.02734375 0.08671875
10 0.83671875 0.45390625 0.03828125 0.01875
10 0.84296875 0.4296875 0.034375 0.0171875
2 0.86484375 0.4578125 0.025 0.034375
31 0.71875 0.346875 0.02890625 0.01875
10 0.7046875 0.303125 0.0234375 0.040625
10 0.7015625 0.11953125 0.01328125 0.04609375
10 0.93359375 0.10390625 0.01484375 0.04453125
28 0.80703125 0.0875 0.0828125 0.025
14 0.5734375 0.253125 0.07265625 0.1265625
28 0.5375 0.321875 0.059375 0.02109375