22 0.7328125 0.434375 0.03828125 0.04375
22 0.74375 0.74765625 0.03984375 0.04609375
22 0.50625 0.603125 0.04921875 0.04609375
22 0.3484375 0.60234375 0.0359375 0.053125
22 0.22890625 0.4265625 0.04140625 0.04140625
22 0.20625 0.73125 0.03828125 0.0515625
21 0.52890625 0.86171875 0.03203125 0.04609375
21 0.459375 0.86171875 0.0328125 0.0375
21 0.49921875 0.74765625 0.0328125 0.0453125
21 0.52890625 0.4359375 0.0265625 0.04140625
21 0.4703125 0.34453125 0.0328125 0.04921875
21 0.41484375 0.43828125 0.0359375 0.03828125
10 0.90078125 0.3484375 0.02109375 0.04609375
10 0.6296875 0.31484375 0.0421875 0.0171875
10 0.8984375 0.53046875 0.01953125 0.05078125
10 0.746875 0.55703125 0.05546875 0.02421875
37 0.68203125 0.58515625 0.04140625 0.03203125
33 0.86328125 0.5859375 0.03203125 0.03203125
37 0.82421875 0.584375 0.0515625 0.0328125
28 0.75234375 0.315625 0.09453125 0.02109375
30 0.54140625 0.32109375 0.0421875 0.03203125
3 0.52578125 0.3640625 0.0359375 0.04140625
14 0.4046875 0.3859375 0.05859375 0.175
20 0.5765625 0.4703125 0.02265625 0.04140625
20 0.4859375 0.4875 0.02265625 0.028125
20 0.37734375 0.56640625 0.0359375 0.02421875
20 0.28515625 0.5375 0.03203125 0.02890625
20 0.58046875 0.6671875 0.03046875 0.034375
20 0.603125 0.75625 0.03984375 0.02265625
20 0.2984375 0.66875 0.0421875 0.0265625
2 0.89375 0.84921875 0.03984375 0.04609375
7 0.88984375 0.87578125 0.05078125 0.01953125
10 0.89453125 0.90078125 0.0359375 0.03203125
28 0.75234375 0.98828125 0.0921875 0.0234375
10 0.63359375 0.95859375 0.015625 0.04921875
27 0.54921875 0.57421875 0.02421875 0.03984375
30 0.4453125 0.9015625 0.04140625 0.03046875
3 0.49375 0.8265625 0.03828125 0.0265625
10 0.36640625 0.40546875 0.028125 0.0375
10 0.29765625 0.31484375 0.04140625 0.01484375
10 0.14453125 0.315625 0.0453125 0.01875
28 0.0984375 0.46015625 0.028125 0.0875
10 0.190625 0.53828125 0.03828125 0.01875
10 0.184375 0.56328125 0.034375 0.0171875
2 0.1625 0.534375 0.025 0.034375
31 0.309375 0.64609375 0.02890625 0.01875
10 0.3234375 0.690625 0.02421875 0.04140625
10 0.3265625 0.875 0.01328125 0.04609375
10 0.09375 0.88984375 0.01484375 0.0453125
28 0.22109375 0.90625 0.08359375 0.025
14 0.45546875 0.73984375 0.07265625 0.12734375
28 0.49140625 0.67109375 0.059375 0.02109375