16 0.01484375 0.71328125 0.0140625 0.0765625
24 0.06484375 0.2578125 0.02890625 0.021875
28 0.21484375 0.9484375 0.14453125 0.01796875
12 0.371875 0.94375 0.0171875 0.05546875
10 0.0546875 0.8515625 0.015625 0.040625
22 0.21875 0.790625 0.0484375 0.0375
22 0.2140625 0.45546875 0.04140625 0.0390625
22 0.490625 0.73046875 0.05078125 0.05546875
22 0.765625 0.734375 0.03515625 0.06328125
21 0.45703125 0.525 0.03125 0.04296875
21 0.625 0.4890625 0.03125 0.040625
21 0.73046875 0.48671875 0.04296875 0.046875
21 0.8453125 0.4890625 0.04140625 0.04296875
21 0.484375 0.42890625 0.04453125 0.04921875
21 0.48671875 0.33828125 0.0484375 0.04296875
21 0.62734375 0.3390625 0.04140625 0.0546875
21 0.73515625 0.34453125 0.04140625 0.04453125
21 0.846875 0.346875 0.03359375 0.046875
21 0.7296875 0.246875 0.12734375 0.0515625
13 0.40234375 0.921875 0.0234375 0.04140625
10 0.3609375 0.8671875 0.04453125 0.02109375
28 0.4171875 0.84453125 0.015625 0.07109375
8 0.4140625 0.8390625 0.015625 0.046875
10 0.05546875 0.36875 0.01796875 0.04140625
7 0.059375 0.3390625 0.0328125 0.0234375
2 0.06328125 0.309375 0.0390625 0.0328125
10 0.34296875 0.25859375 0.04921875 0.0234375
13 0.3796875 0.2484375 0.025 0.0390625
25 0.41640625 0.25 0.0296875 0.040625
37 0.36484375 0.3359375 0.02109375 0.05078125
28 0.3671875 0.43984375 0.021875 0.08203125
3 0.4171875 0.53046875 0.02734375 0.0453125
28 0.45234375 0.4796875 0.05546875 0.021875
10 0.38984375 0.38125 0.01796875 0.05078125
20 0.390625 0.590625 0.02734375 0.01953125
20 0.53203125 0.58828125 0.0375 0.02578125
20 0.63125 0.56171875 0.0390625 0.021875
20 0.66328125 0.68125 0.021875 0.02734375
20 0.53125 0.86875 0.015625 0.02109375
20 0.54296875 0.86640625 0.01796875 0.02890625
0 0.5125 0.8671875 0.021875 0.021875
31 0.42109375 0.61484375 0.02578125 0.01953125
27 0.4203125 0.6328125 0.025 0.0296875
4 0.53671875 0.38046875 0.046875 0.03359375
38 0.6328125 0.7734375 0.021875 0.04296875
2 0.6328125 0.74453125 0.021875 0.01953125
33 0.6328125 0.725 0.01953125 0.0234375
10 0.63515625 0.7015625 0.02109375 0.02734375
10 0.65625 0.83828125 0.0140625 0.0375
20 0.55390625 0.30390625 0.0296875 0.02578125
20 0.5875 0.24921875 0.025 0.02890625
27 0.58671875 0.27734375 0.021875 0.02734375
10 0.584375 0.0703125 0.02578125 0.03359375
7 0.590625 0.04453125 0.0328125 0.021875
2 0.58984375 0.021875 0.03125 0.0234375
10 0.86484375 0.0203125 0.04140625 0.0171875
10 0.69921875 0.28828125 0.040625 0.02109375
39 0.77890625 0.31328125 0.015625 0.02109375
37 0.8984375 0.315625 0.01953125 0.02890625
17 0.89453125 0.34453125 0.025 0.03359375
26 0.70859375 0.559375 0.02734375 0.0234375
26 0.734375 0.56171875 0.02734375 0.01953125
29 0.7765625 0.55390625 0.02890625 0.025
18 0.83984375 0.5625 0.0140625 0.02109375
37 0.82109375 0.56171875 0.0234375 0.01953125
28 0.78046875 0.5859375 0.07265625 0.02109375
10 0.8921875 0.62109375 0.02890625 0.046875
10 0.87578125 0.86640625 0.0484375 0.02578125