16 0.97109375 0.7203125 0.0140625 0.07578125
24 0.921875 0.271875 0.028125 0.021875
28 0.77421875 0.9515625 0.1421875 0.01796875
12 0.61953125 0.946875 0.01640625 0.0546875
10 0.93203125 0.85625 0.015625 0.03984375
22 0.7703125 0.79609375 0.04765625 0.03671875
22 0.775 0.46640625 0.040625 0.03828125
22 0.503125 0.7375 0.05 0.0546875
22 0.23203125 0.74140625 0.034375 0.0625
21 0.5359375 0.53515625 0.03046875 0.0421875
21 0.37109375 0.49921875 0.03046875 0.03984375
21 0.26640625 0.49765625 0.0421875 0.04609375
21 0.153125 0.49921875 0.040625 0.0421875
21 0.50859375 0.43984375 0.04375 0.0484375
21 0.50703125 0.35078125 0.04765625 0.0421875
21 0.36796875 0.3515625 0.040625 0.05390625
21 0.2625 0.35703125 0.040625 0.04375
21 0.15234375 0.359375 0.03359375 0.04609375
21 0.2671875 0.2609375 0.125 0.05078125
13 0.58984375 0.92578125 0.02265625 0.040625
10 0.63046875 0.871875 0.04375 0.0203125
28 0.57578125 0.85 0.015625 0.0703125
8 0.578125 0.84375 0.015625 0.04609375
10 0.93125 0.38125 0.01796875 0.040625
7 0.928125 0.3515625 0.03203125 0.02265625
2 0.9234375 0.32265625 0.03828125 0.03203125
10 0.6484375 0.27265625 0.0484375 0.02265625
13 0.61171875 0.2625 0.02421875 0.03828125
25 0.57578125 0.2640625 0.0296875 0.03984375
37 0.6265625 0.3484375 0.0203125 0.05
28 0.625 0.45078125 0.021875 0.08046875
3 0.575 0.540625 0.0265625 0.04453125
28 0.540625 0.490625 0.0546875 0.021875
10 0.60234375 0.39296875 0.01796875 0.05
20 0.6015625 0.59921875 0.0265625 0.01953125
20 0.4625 0.596875 0.03671875 0.02578125
20 0.3640625 0.57109375 0.03828125 0.021875
20 0.3328125 0.68828125 0.021875 0.0265625
20 0.46328125 0.8734375 0.015625 0.0203125
20 0.4515625 0.87109375 0.01796875 0.028125
0 0.48125 0.87109375 0.021875 0.021875
31 0.571875 0.6234375 0.02578125 0.01953125
27 0.571875 0.64140625 0.02421875 0.0296875
4 0.4578125 0.39296875 0.04609375 0.03359375
38 0.3625 0.7796875 0.021875 0.0421875
2 0.3625 0.7515625 0.021875 0.01953125
33 0.3625 0.73125 0.01953125 0.02265625
10 0.3609375 0.709375 0.0203125 0.0265625
10 0.33984375 0.84296875 0.0140625 0.03671875
20 0.440625 0.3171875 0.0296875 0.02578125
20 0.40703125 0.26328125 0.02421875 0.028125
27 0.40859375 0.290625 0.021875 0.0265625
10 0.41015625 0.08671875 0.02578125 0.03359375
7 0.4046875 0.06171875 0.03203125 0.021875
2 0.40546875 0.03984375 0.03046875 0.02265625
10 0.134375 0.0375 0.040625 0.01640625
10 0.29765625 0.3015625 0.03984375 0.0203125
39 0.21875 0.32578125 0.015625 0.0203125
37 0.1015625 0.32890625 0.01953125 0.028125
17 0.10546875 0.35703125 0.02421875 0.03359375
26 0.28828125 0.56875 0.0265625 0.02265625
26 0.2625 0.57109375 0.0265625 0.01953125
29 0.22109375 0.56328125 0.028125 0.02421875
18 0.159375 0.571875 0.0140625 0.0203125
37 0.178125 0.57109375 0.02265625 0.01953125
28 0.2171875 0.59453125 0.071875 0.0203125
10 0.10703125 0.62890625 0.028125 0.04609375
10 0.1234375 0.87109375 0.04765625 0.02578125