24 0.9515625 0.27578125 0.03046875 0.0234375
12 0.6234375 0.9890625 0.01875 0.021875
10 0.9625 0.91015625 0.01640625 0.04296875
22 0.78671875 0.8453125 0.0515625 0.040625
22 0.79140625 0.4875 0.04453125 0.04140625
22 0.496875 0.78125 0.05390625 0.059375
22 0.20234375 0.78515625 0.0375 0.06796875
21 0.53203125 0.56171875 0.03359375 0.04609375
21 0.353125 0.52265625 0.03359375 0.04296875
21 0.23984375 0.52109375 0.04609375 0.05
21 0.11640625 0.52265625 0.04453125 0.04609375
21 0.503125 0.45859375 0.046875 0.053125
21 0.50078125 0.36171875 0.0515625 0.04609375
21 0.35 0.3625 0.04453125 0.05859375
21 0.234375 0.36796875 0.04453125 0.046875
21 0.115625 0.37109375 0.0359375 0.05
21 0.240625 0.2640625 0.1359375 0.05546875
13 0.590625 0.98203125 0.025 0.0359375
10 0.634375 0.928125 0.046875 0.021875
28 0.575 0.903125 0.01640625 0.0765625
8 0.578125 0.896875 0.01640625 0.05
10 0.9609375 0.39453125 0.01953125 0.04453125
7 0.9578125 0.3625 0.034375 0.025
2 0.953125 0.33125 0.04140625 0.034375
10 0.65390625 0.2765625 0.053125 0.025
13 0.61484375 0.265625 0.0265625 0.04140625
25 0.57578125 0.2671875 0.03203125 0.04296875
37 0.63046875 0.359375 0.021875 0.05390625
28 0.628125 0.4703125 0.0234375 0.0875
3 0.57421875 0.5671875 0.02890625 0.0484375
28 0.53671875 0.51328125 0.059375 0.0234375
10 0.60390625 0.4078125 0.01953125 0.05390625
20 0.603125 0.63125 0.02890625 0.02109375
20 0.45234375 0.62890625 0.040625 0.028125
20 0.34609375 0.60078125 0.04140625 0.0234375
20 0.31171875 0.728125 0.0234375 0.02890625
20 0.453125 0.92890625 0.01640625 0.021875
20 0.440625 0.9265625 0.01953125 0.03046875
0 0.47265625 0.92734375 0.0234375 0.0234375
31 0.57109375 0.6578125 0.028125 0.02109375
27 0.571875 0.67734375 0.0265625 0.03203125
4 0.446875 0.40703125 0.05 0.0359375
38 0.34375 0.82734375 0.0234375 0.04609375
2 0.34375 0.796875 0.0234375 0.02109375
33 0.34375 0.775 0.02109375 0.025
10 0.34140625 0.75078125 0.021875 0.02890625
10 0.31875 0.896875 0.015625 0.040625
20 0.428125 0.325 0.03203125 0.028125
20 0.3921875 0.26640625 0.0265625 0.03046875
27 0.39375 0.296875 0.0234375 0.02890625
10 0.39609375 0.075 0.028125 0.0359375
7 0.38984375 0.04765625 0.034375 0.0234375
2 0.390625 0.0234375 0.03359375 0.025
10 0.09609375 0.021875 0.04453125 0.01796875
10 0.27265625 0.30859375 0.04296875 0.021875
39 0.1875 0.334375 0.01640625 0.021875
37 0.06015625 0.3375 0.02109375 0.03046875
17 0.06484375 0.36796875 0.0265625 0.0359375
26 0.26328125 0.5984375 0.02890625 0.025
26 0.23515625 0.60078125 0.02890625 0.02109375
29 0.190625 0.5921875 0.03046875 0.0265625
18 0.12265625 0.6015625 0.015625 0.021875
37 0.14296875 0.60078125 0.025 0.02109375
28 0.1859375 0.6265625 0.078125 0.021875
10 0.06640625 0.6640625 0.03046875 0.05
10 0.084375 0.9265625 0.0515625 0.028125