10 0.0875 0.3421875 0.06484375 0.02421875
10 0.16015625 0.56484375 0.05859375 0.0140625
10 0.28359375 0.4984375 0.01015625 0.04453125
2 0.2796875 0.47109375 0.01796875 0.0265625
20 0.27265625 0.44609375 0.03359375 0.03046875
22 0.1671875 0.45625 0.034375 0.040625
22 0.21640625 0.74140625 0.04375 0.040625
22 0.4375 0.38203125 0.0359375 0.04375
22 0.75390625 0.67109375 0.04453125 0.0421875
21 0.44609375 0.69296875 0.03359375 0.04375
21 0.4421875 0.78046875 0.04765625 0.0421875
21 0.53671875 0.73046875 0.04375 0.04765625
21 0.7265625 0.37890625 0.0484375 0.04375
21 0.8453125 0.38046875 0.04609375 0.04765625
21 0.728125 0.46796875 0.03671875 0.03828125
21 0.84453125 0.46875 0.0296875 0.03984375
28 0.1671875 0.340625 0.06484375 0.01953125
28 0.4828125 0.33828125 0.0828125 0.01640625
31 0.36796875 0.33984375 0.03828125 0.0125
20 0.421875 0.340625 0.040625 0.021875
27 0.30546875 0.50078125 0.0203125 0.04765625
20 0.28671875 0.59296875 0.02265625 0.034375
10 0.2375 0.58671875 0.05390625 0.015625
37 0.05703125 0.8625 0.02421875 0.0578125
28 0.21875 0.90078125 0.07421875 0.0140625
37 0.0578125 0.6984375 0.028125 0.040625
33 0.0609375 0.665625 0.02421875 0.0265625
10 0.3765625 0.88203125 0.021875 0.03984375
7 0.371875 0.853125 0.03046875 0.0203125
2 0.3734375 0.82890625 0.028125 0.028125
23 0.34296875 0.46953125 0.03046875 0.03359375
20 0.371875 0.7140625 0.02265625 0.034375
30 0.409375 0.66015625 0.03828125 0.02578125
3 0.5453125 0.77109375 0.0296875 0.02265625
14 0.5390625 0.6484375 0.10078125 0.084375
10 0.60390625 0.68671875 0.021875 0.03828125
3 0.78515625 0.38046875 0.03359375 0.0296875
3 0.82734375 0.50390625 0.15859375 0.01796875
3 0.89609375 0.47578125 0.015625 0.06875
30 0.68125 0.490625 0.03359375 0.0296875
20 0.565625 0.42578125 0.021875 0.0359375
20 0.603125 0.525 0.04765625 0.02421875
10 0.70390625 0.528125 0.04765625 0.02578125
10 0.87890625 0.52421875 0.0484375 0.02265625
28 0.65 0.47109375 0.0203125 0.04765625
28 0.7625 0.81328125 0.10390625 0.0203125
10 0.86328125 0.81328125 0.0484375 0.0203125