10 0.9234375 0.3375 0.065625 0.02421875
10 0.85078125 0.5609375 0.059375 0.0140625
10 0.7265625 0.49453125 0.01015625 0.0453125
2 0.7296875 0.4671875 0.01796875 0.02734375
20 0.7375 0.4421875 0.03359375 0.03046875
22 0.84375 0.45234375 0.034375 0.04140625
22 0.79453125 0.7390625 0.04375 0.04140625
22 0.571875 0.378125 0.0359375 0.04375
22 0.25390625 0.66796875 0.0453125 0.0421875
21 0.56328125 0.68984375 0.03359375 0.04375
21 0.5671875 0.778125 0.04765625 0.0421875
21 0.471875 0.728125 0.04375 0.04765625
21 0.28125 0.37421875 0.04921875 0.04375
21 0.16171875 0.37578125 0.04609375 0.04765625
21 0.2796875 0.4640625 0.0375 0.03828125
21 0.1625 0.46484375 0.0296875 0.03984375
28 0.84375 0.3359375 0.065625 0.01953125
28 0.5265625 0.33359375 0.08359375 0.01640625
31 0.64140625 0.33515625 0.03828125 0.0125
20 0.5875 0.3359375 0.04140625 0.021875
27 0.7046875 0.496875 0.0203125 0.04765625
20 0.7234375 0.5890625 0.0234375 0.034375
10 0.77265625 0.58359375 0.05390625 0.015625
37 0.9546875 0.86015625 0.02421875 0.0578125
28 0.79140625 0.89921875 0.07421875 0.0140625
37 0.95390625 0.6953125 0.028125 0.04140625
33 0.95078125 0.6625 0.02421875 0.02734375
10 0.6328125 0.8796875 0.021875 0.03984375
7 0.6375 0.85078125 0.03046875 0.0203125
2 0.6359375 0.8265625 0.028125 0.028125
23 0.6671875 0.465625 0.03046875 0.03359375
20 0.6375 0.71171875 0.0234375 0.034375
30 0.6 0.65703125 0.03828125 0.02578125
3 0.46328125 0.76875 0.0296875 0.0234375
14 0.46953125 0.6453125 0.1015625 0.08515625
10 0.40390625 0.68359375 0.021875 0.03828125
3 0.22265625 0.37578125 0.03359375 0.0296875
3 0.1796875 0.5 0.159375 0.01796875
3 0.11015625 0.471875 0.015625 0.06953125
30 0.3265625 0.48671875 0.03359375 0.0296875
20 0.44296875 0.421875 0.021875 0.0359375
20 0.40546875 0.52109375 0.04765625 0.02421875
10 0.30390625 0.52421875 0.04765625 0.02578125
10 0.12890625 0.5203125 0.04921875 0.0234375
28 0.35859375 0.4671875 0.0203125 0.04765625
28 0.24453125 0.8109375 0.10390625 0.0203125
10 0.14375 0.8109375 0.04921875 0.0203125