10 0.02734375 0.63984375 0.0546875 0.0265625
10 0.0984375 0.3984375 0.06328125 0.01484375
10 0.23203125 0.4703125 0.0109375 0.0484375
2 0.228125 0.49921875 0.01953125 0.02890625
20 0.21953125 0.5265625 0.0359375 0.0328125
22 0.10546875 0.51484375 0.0375 0.04453125
22 0.15859375 0.20703125 0.046875 0.04453125
22 0.39765625 0.5953125 0.0390625 0.046875
22 0.73984375 0.28359375 0.0484375 0.0453125
21 0.4078125 0.259375 0.0359375 0.046875
21 0.40234375 0.16484375 0.05078125 0.0453125
21 0.50546875 0.21875 0.046875 0.05078125
21 0.71015625 0.59921875 0.05234375 0.046875
21 0.83828125 0.59765625 0.05 0.05078125
21 0.71171875 0.503125 0.03984375 0.04140625
21 0.8375 0.50234375 0.03203125 0.04296875
28 0.10546875 0.63984375 0.0703125 0.02109375
28 0.446875 0.64296875 0.08984375 0.01796875
31 0.3234375 0.640625 0.04140625 0.0140625
20 0.38125 0.63984375 0.04453125 0.0234375
27 0.25546875 0.4671875 0.021875 0.05078125
20 0.23515625 0.36796875 0.025 0.0375
10 0.18203125 0.37421875 0.0578125 0.01640625
28 0.16171875 0.03515625 0.08046875 0.01484375
10 0.33203125 0.05625 0.0234375 0.04296875
7 0.32734375 0.08671875 0.0328125 0.021875
2 0.32890625 0.11328125 0.03046875 0.03046875
23 0.2953125 0.5015625 0.0328125 0.0359375
20 0.32734375 0.23671875 0.025 0.0375
30 0.3671875 0.2953125 0.04140625 0.02734375
3 0.51484375 0.17578125 0.03203125 0.025
14 0.5078125 0.3078125 0.109375 0.09140625
10 0.578125 0.26640625 0.0234375 0.04140625
3 0.7734375 0.59765625 0.0359375 0.03203125
3 0.81875 0.4640625 0.17109375 0.01953125
3 0.89375 0.49453125 0.01640625 0.07421875
30 0.66171875 0.47890625 0.0359375 0.03203125
20 0.53671875 0.5484375 0.0234375 0.0390625
20 0.5765625 0.44140625 0.05078125 0.0265625
10 0.6859375 0.4375 0.05078125 0.02734375
10 0.87421875 0.4421875 0.05234375 0.025
28 0.62734375 0.49921875 0.021875 0.05078125
28 0.74921875 0.1296875 0.11171875 0.021875
10 0.8578125 0.1296875 0.05234375 0.021875