22 0.25625 0.55390625 0.040625 0.0484375
22 0.50859375 0.75546875 0.05859375 0.03671875
21 0.69765625 0.39296875 0.03359375 0.0453125
21 0.88125 0.3890625 0.0484375 0.0453125
21 0.8890625 0.53046875 0.02734375 0.053125
21 0.8828125 0.66953125 0.04453125 0.0453125
21 0.6984375 0.67578125 0.04453125 0.05859375
21 0.7 0.53671875 0.02890625 0.0546875
21 0.69453125 0.81171875 0.05546875 0.04140625
21 0.87890625 0.81015625 0.04921875 0.04140625
21 0.5140625 0.38828125 0.04140625 0.046875
21 0.47109375 0.559375 0.04453125 0.0453125
28 0.7734375 0.02734375 0.159375 0.02890625
35 0.77265625 0.25390625 0.23671875 0.06875
39 0.82578125 0.33125 0.0234375 0.02578125
16 0.99453125 0.85234375 0.01015625 0.05546875
10 0.94921875 0.86328125 0.03125 0.046875
28 0.7984375 0.8796875 0.12734375 0.021875
37 0.953125 0.60390625 0.02109375 0.04453125
26 0.95 0.56484375 0.0328125 0.03359375
29 0.946875 0.50390625 0.02578125 0.04921875
18 0.946875 0.44765625 0.03359375 0.0375
10 0.9484375 0.41328125 0.0234375 0.04453125
37 0.95390625 0.35234375 0.01953125 0.04296875
17 0.94453125 0.32109375 0.03671875 0.0234375
24 0.9546875 0.14140625 0.02109375 0.03359375
10 0.909375 0.04453125 0.0234375 0.0390625
10 0.6359375 0.075 0.01953125 0.0453125
7 0.640625 0.0453125 0.03125 0.0234375
2 0.63671875 0.02890625 0.02734375 0.0234375
28 0.63359375 0.28828125 0.02109375 0.075
20 0.63671875 0.34140625 0.02578125 0.02890625
20 0.60625 0.3484375 0.01796875 0.03359375
28 0.58984375 0.31875 0.04453125 0.01953125
25 0.43828125 0.26328125 0.0484375 0.03671875
13 0.40390625 0.2609375 0.0234375 0.04140625
10 0.3625 0.27421875 0.046875 0.01796875
4 0.79296875 0.4484375 0.053125 0.05078125
20 0.63828125 0.67421875 0.0328125 0.02890625
27 0.6078125 0.68671875 0.02578125 0.0328125
13 0.57421875 0.9078125 0.0390625 0.046875
31 0.59140625 0.83671875 0.01953125 0.0296875
20 0.55390625 0.846875 0.01953125 0.02109375
20 0.57890625 0.8453125 0.01328125 0.0234375
0 0.571875 0.84765625 0.01171875 0.021875
23 0.5078125 0.72109375 0.03359375 0.03359375
28 0.45234375 0.8203125 0.021875 0.0484375
8 0.425 0.82890625 0.01953125 0.0453125
4 0.52265625 0.3375 0.0375 0.046875
37 0.3984375 0.32890625 0.0328125 0.0390625
33 0.3953125 0.36484375 0.03515625 0.0390625
10 0.4296875 0.43359375 0.0234375 0.046875
3 0.46953125 0.50546875 0.0375 0.0328125
2 0.6015625 0.5421875 0.0328125 0.02734375
10 0.6015625 0.51171875 0.0296875 0.03359375
33 0.6 0.4828125 0.0390625 0.025
28 0.42421875 0.52734375 0.0171875 0.046875
28 0.50625 0.62109375 0.01796875 0.0390625
28 0.39921875 0.66484375 0.025 0.0515625
28 0.403125 0.671875 0.01953125 0.02734375
10 0.121875 0.7546875 0.02578125 0.059375
12 0.34609375 0.83671875 0.04296875 0.025
12 0.0515625 0.55625 0.0234375 0.16484375
2 0.12109375 0.40859375 0.0234375 0.0453125
7 0.1234375 0.378125 0.03125 0.02109375
10 0.12421875 0.3515625 0.0328125 0.03515625
28 0.246875 0.790625 0.10625 0.0328125