22 0.74609375 0.52578125 0.04140625 0.04921875
22 0.4875 0.73359375 0.06015625 0.0375
21 0.29296875 0.3609375 0.034375 0.046875
21 0.1046875 0.35703125 0.04921875 0.046875
21 0.096875 0.50234375 0.028125 0.0546875
21 0.10234375 0.64453125 0.0453125 0.046875
21 0.2921875 0.6515625 0.0453125 0.06015625
21 0.290625 0.5078125 0.0296875 0.05625
21 0.296875 0.790625 0.05703125 0.04296875
21 0.10703125 0.7890625 0.05078125 0.04296875
21 0.48125 0.35625 0.04296875 0.04765625
21 0.525 0.53125 0.0453125 0.046875
35 0.215625 0.21796875 0.24296875 0.0703125
39 0.16171875 0.29765625 0.02421875 0.0265625
10 0.034375 0.84375 0.03203125 0.04765625
28 0.1890625 0.8609375 0.13046875 0.02265625
37 0.03046875 0.57734375 0.02109375 0.0453125
26 0.034375 0.5375 0.03359375 0.034375
29 0.0375 0.475 0.0265625 0.05078125
18 0.0375 0.41640625 0.034375 0.03828125
10 0.0359375 0.38125 0.02421875 0.0453125
37 0.0296875 0.31953125 0.0203125 0.04375
17 0.03984375 0.28671875 0.0375 0.02421875
24 0.0296875 0.10234375 0.02109375 0.034375
10 0.07578125 0.01171875 0.02421875 0.02265625
10 0.35703125 0.034375 0.0203125 0.046875
7 0.35234375 0.0078125 0.03203125 0.015625
28 0.35859375 0.253125 0.02109375 0.07734375
20 0.35625 0.3078125 0.0265625 0.0296875
20 0.38671875 0.31484375 0.01875 0.034375
28 0.40390625 0.284375 0.0453125 0.0203125
25 0.559375 0.228125 0.04921875 0.0375
13 0.59453125 0.225 0.02421875 0.04296875
10 0.6375 0.23828125 0.04765625 0.01875
4 0.1953125 0.41796875 0.0546875 0.05234375
20 0.35390625 0.64921875 0.03359375 0.0296875
27 0.38515625 0.66171875 0.0265625 0.03359375
13 0.4203125 0.8890625 0.03984375 0.04765625
31 0.40234375 0.81640625 0.0203125 0.03046875
20 0.440625 0.8265625 0.0203125 0.02109375
20 0.41484375 0.825 0.01328125 0.02421875
0 0.421875 0.82734375 0.01171875 0.02265625
23 0.48828125 0.69765625 0.034375 0.034375
28 0.54453125 0.79921875 0.02265625 0.04921875
8 0.57265625 0.80859375 0.0203125 0.046875
4 0.47265625 0.30390625 0.03828125 0.04765625
37 0.60078125 0.29453125 0.03359375 0.03984375
33 0.603125 0.33203125 0.0359375 0.03984375
10 0.56796875 0.40234375 0.02421875 0.04765625
3 0.52734375 0.4765625 0.03828125 0.03359375
2 0.39140625 0.5140625 0.03359375 0.028125
10 0.39140625 0.4828125 0.03046875 0.034375
33 0.39296875 0.45234375 0.03984375 0.025
28 0.57421875 0.4984375 0.0171875 0.04765625
28 0.4890625 0.59453125 0.01875 0.03984375
28 0.59921875 0.63984375 0.025 0.053125
28 0.5953125 0.64765625 0.0203125 0.028125
10 0.884375 0.73203125 0.0265625 0.06171875
12 0.65390625 0.81640625 0.04375 0.025
12 0.95625 0.52890625 0.02421875 0.16953125
2 0.88515625 0.3765625 0.02421875 0.046875
7 0.8828125 0.3453125 0.03203125 0.02109375
10 0.88203125 0.31796875 0.03359375 0.0359375
28 0.75625 0.76875 0.109375 0.03359375