22 0.24609375 0.559375 0.0390625 0.046875
22 0.49296875 0.75703125 0.05703125 0.0359375
21 0.678125 0.4015625 0.0328125 0.04453125
21 0.8578125 0.39765625 0.046875 0.04453125
21 0.865625 0.5359375 0.0265625 0.05234375
21 0.86015625 0.67265625 0.04296875 0.04453125
21 0.6796875 0.67890625 0.04296875 0.05703125
21 0.68046875 0.5421875 0.028125 0.053125
21 0.675 0.81171875 0.0546875 0.040625
21 0.85625 0.81015625 0.0484375 0.040625
21 0.4984375 0.396875 0.040625 0.04609375
21 0.45703125 0.5640625 0.04296875 0.04453125
28 0.75234375 0.04296875 0.15625 0.028125
35 0.7515625 0.265625 0.23125 0.0671875
39 0.80390625 0.340625 0.02265625 0.02578125
16 0.97109375 0.8515625 0.0140625 0.0546875
10 0.925 0.8625 0.03046875 0.04609375
28 0.77734375 0.878125 0.125 0.021875
37 0.92890625 0.6078125 0.0203125 0.04296875
26 0.92578125 0.5703125 0.03203125 0.0328125
29 0.92265625 0.51015625 0.02578125 0.0484375
18 0.92265625 0.4546875 0.0328125 0.03671875
10 0.9234375 0.42109375 0.02265625 0.04296875
37 0.9296875 0.36171875 0.01875 0.0421875
17 0.91953125 0.33046875 0.0359375 0.02265625
24 0.9296875 0.15546875 0.0203125 0.0328125
10 0.88515625 0.06015625 0.02265625 0.03828125
10 0.61796875 0.08984375 0.01875 0.04453125
7 0.621875 0.0609375 0.03046875 0.02265625
2 0.61875 0.04453125 0.0265625 0.02265625
28 0.615625 0.29921875 0.0203125 0.0734375
20 0.61796875 0.35078125 0.02578125 0.028125
20 0.5890625 0.3578125 0.01796875 0.0328125
28 0.57265625 0.32890625 0.04296875 0.01875
25 0.42421875 0.275 0.046875 0.0359375
13 0.390625 0.271875 0.02265625 0.040625
10 0.35 0.28515625 0.04609375 0.01796875
4 0.771875 0.45625 0.05234375 0.05
20 0.6203125 0.6765625 0.03203125 0.028125
27 0.590625 0.6890625 0.02578125 0.03203125
13 0.55703125 0.90546875 0.03828125 0.04609375
31 0.57421875 0.83671875 0.01875 0.02890625
20 0.5375 0.84609375 0.01875 0.0203125
20 0.5625 0.84453125 0.0125 0.02265625
0 0.55546875 0.846875 0.01171875 0.021875
23 0.4921875 0.72265625 0.0328125 0.0328125
28 0.43828125 0.8203125 0.021875 0.046875
8 0.41171875 0.82890625 0.01875 0.04453125
4 0.50703125 0.34765625 0.03671875 0.04609375
37 0.38515625 0.33828125 0.03203125 0.03828125
33 0.38203125 0.37421875 0.034375 0.03828125
10 0.41640625 0.44140625 0.02265625 0.04609375
3 0.4546875 0.51171875 0.03671875 0.03203125
2 0.584375 0.54765625 0.03203125 0.0265625
10 0.584375 0.51796875 0.02890625 0.0328125
33 0.5828125 0.4890625 0.03828125 0.02421875
28 0.41015625 0.5328125 0.01640625 0.04609375
28 0.49140625 0.625 0.01796875 0.03828125
28 0.3859375 0.66796875 0.02421875 0.05078125
28 0.38984375 0.675 0.01875 0.0265625
10 0.11484375 0.75546875 0.02578125 0.05859375
12 0.33359375 0.83671875 0.0421875 0.02421875
12 0.04609375 0.56171875 0.02265625 0.16171875
2 0.11328125 0.41640625 0.02265625 0.04453125
7 0.115625 0.38671875 0.03046875 0.0203125
10 0.11640625 0.3609375 0.03203125 0.034375
28 0.23671875 0.790625 0.1046875 0.03203125