22 0.20390625 0.31796875 0.03984375 0.0453125
22 0.684375 0.31015625 0.0515625 0.040625
22 0.409375 0.51015625 0.03984375 0.034375
22 0.23359375 0.8109375 0.0546875 0.04765625
22 0.70390625 0.78515625 0.05703125 0.0515625
21 0.046875 0.51875 0.05078125 0.05078125
21 0.16015625 0.5109375 0.03984375 0.0515625
21 0.05 0.60234375 0.03671875 0.03515625
21 0.159375 0.60625 0.05859375 0.040625
21 0.74140625 0.51875 0.034375 0.0546875
21 0.85703125 0.51328125 0.03671875 0.04609375
21 0.7984375 0.5984375 0.053125 0.04609375
3 0.08046875 0.57109375 0.04921875 0.0328125
14 0.10703125 0.65 0.2140625 0.06875
20 0.22890625 0.66796875 0.03125 0.03515625
20 0.23046875 0.55703125 0.0203125 0.03671875
20 0.2328125 0.446875 0.03671875 0.02734375
31 0.22890625 0.58671875 0.0234375 0.03671875
10 0.01171875 0.72734375 0.0234375 0.03671875
10 0.0109375 0.89296875 0.021875 0.053125
28 0.21484375 0.925 0.11640625 0.02421875
28 0.71484375 0.9265625 0.13671875 0.02890625
10 0.45703125 0.821875 0.02578125 0.0421875
2 0.4515625 0.79296875 0.03984375 0.02578125
10 0.4859375 0.78828125 0.02578125 0.040625
30 0.04609375 0.48046875 0.05078125 0.02890625
10 0.04296875 0.19140625 0.03671875 0.040625
10 0.040625 0.35625 0.02890625 0.0546875
10 0.44453125 0.22578125 0.0234375 0.05859375
28 0.2328125 0.16953125 0.121875 0.01640625
28 0.4125 0.471875 0.06796875 0.01484375
20 0.46484375 0.48046875 0.0421875 0.03125
23 0.503125 0.509375 0.0453125 0.03828125
27 0.5921875 0.52265625 0.03125 0.03671875
14 0.6609375 0.51171875 0.10390625 0.1
20 0.59921875 0.446875 0.02890625 0.02421875
10 0.66015625 0.44765625 0.0671875 0.02890625
3 0.8421875 0.5890625 0.02578125 0.040625
23 0.55859375 0.29921875 0.04375 0.04609375
10 0.475 0.2234375 0.0234375 0.03984375
7 0.48046875 0.1984375 0.03125 0.01484375
2 0.48125 0.18125 0.03828125 0.0234375
28 0.6984375 0.17109375 0.12265625 0.01875
37 0.88984375 0.2125 0.02578125 0.05078125
37 0.8921875 0.37734375 0.0296875 0.0328125
33 0.8875 0.40234375 0.03125 0.02578125
20 0.853125 0.4484375 0.03984375 0.0234375
30 0.89140625 0.47890625 0.05078125 0.034375
20 0.59375 0.659375 0.03984375 0.0203125
10 0.915625 0.87734375 0.02578125 0.04765625
10 0.91640625 0.70703125 0.021875 0.05078125