22 0.75546875 0.26875 0.03828125 0.04375
22 0.28671875 0.26171875 0.05078125 0.03984375
22 0.55546875 0.45703125 0.03828125 0.03359375
22 0.7265625 0.75 0.053125 0.046875
22 0.26796875 0.725 0.05625 0.05078125
21 0.90859375 0.46484375 0.04921875 0.04921875
21 0.79765625 0.45703125 0.03828125 0.05078125
21 0.90625 0.546875 0.0359375 0.034375
21 0.79921875 0.55078125 0.05703125 0.03984375
21 0.23125 0.465625 0.03359375 0.053125
21 0.11796875 0.46015625 0.0359375 0.0453125
21 0.175 0.54296875 0.05234375 0.0453125
3 0.87578125 0.515625 0.04765625 0.03203125
14 0.85234375 0.59375 0.21328125 0.06796875
20 0.73125 0.6109375 0.03046875 0.034375
20 0.7296875 0.50234375 0.0203125 0.0359375
20 0.72734375 0.39453125 0.0359375 0.0265625
31 0.73125 0.53125 0.02265625 0.0359375
10 0.94296875 0.66875 0.02265625 0.0359375
10 0.94375 0.8296875 0.02109375 0.05234375
28 0.74453125 0.86171875 0.11328125 0.02421875
28 0.25703125 0.86328125 0.13359375 0.028125
10 0.50859375 0.7609375 0.025 0.04140625
2 0.5140625 0.7328125 0.03828125 0.025
10 0.48046875 0.728125 0.025 0.03984375
30 0.91015625 0.42734375 0.04921875 0.028125
10 0.9125 0.1453125 0.0359375 0.03984375
10 0.915625 0.30703125 0.028125 0.053125
10 0.5203125 0.1796875 0.02265625 0.05703125
28 0.72734375 0.12421875 0.11875 0.015625
28 0.55234375 0.41953125 0.06640625 0.01484375
20 0.50078125 0.42734375 0.04140625 0.03046875
23 0.46328125 0.45625 0.04375 0.0375
27 0.3765625 0.46875 0.03046875 0.0359375
14 0.309375 0.4578125 0.1015625 0.09765625
20 0.3703125 0.39453125 0.028125 0.02421875
10 0.31015625 0.3953125 0.065625 0.028125
3 0.1328125 0.53359375 0.025 0.03984375
23 0.409375 0.25078125 0.04296875 0.0453125
10 0.49140625 0.1765625 0.02265625 0.03828125
7 0.4859375 0.15234375 0.03046875 0.01484375
2 0.48515625 0.13515625 0.0375 0.02265625
28 0.2734375 0.125 0.1203125 0.01875
37 0.0859375 0.165625 0.025 0.04921875
37 0.084375 0.3265625 0.0296875 0.03203125
33 0.08828125 0.3515625 0.03046875 0.025
20 0.121875 0.396875 0.03828125 0.02265625
30 0.084375 0.42578125 0.04921875 0.03359375
20 0.375 0.60234375 0.03828125 0.0203125
10 0.0609375 0.815625 0.025 0.046875
10 0.06015625 0.6484375 0.02109375 0.04921875