22 0.76171875 0.2734375 0.03828125 0.04296875
22 0.30078125 0.26640625 0.05 0.0390625
22 0.56484375 0.45859375 0.03828125 0.0328125
22 0.73359375 0.74765625 0.05234375 0.04609375
22 0.28203125 0.7234375 0.05546875 0.05
21 0.9125 0.46640625 0.0484375 0.0484375
21 0.80390625 0.459375 0.03828125 0.05
21 0.91015625 0.546875 0.03515625 0.034375
21 0.80546875 0.5515625 0.05625 0.0390625
21 0.24609375 0.4671875 0.0328125 0.05234375
21 0.134375 0.46171875 0.03515625 0.04453125
21 0.190625 0.54296875 0.0515625 0.04453125
3 0.88046875 0.5171875 0.046875 0.03125
14 0.85703125 0.59375 0.21015625 0.0671875
20 0.73828125 0.61015625 0.03046875 0.034375
20 0.73671875 0.503125 0.01953125 0.03515625
20 0.734375 0.39765625 0.03515625 0.0265625
31 0.73828125 0.53203125 0.02265625 0.03515625
10 0.946875 0.6671875 0.02265625 0.03515625
10 0.94765625 0.82578125 0.02109375 0.0515625
28 0.7515625 0.85703125 0.11171875 0.0234375
28 0.271875 0.85859375 0.13125 0.02734375
10 0.51875 0.7578125 0.025 0.040625
2 0.52421875 0.73046875 0.03828125 0.025
10 0.49140625 0.72578125 0.025 0.0390625
30 0.9140625 0.4296875 0.0484375 0.02734375
10 0.91640625 0.15234375 0.03515625 0.0390625
10 0.91953125 0.3109375 0.02734375 0.05234375
10 0.53046875 0.1859375 0.02265625 0.05625
28 0.734375 0.13125 0.1171875 0.015625
28 0.56171875 0.421875 0.065625 0.0140625
20 0.5109375 0.4296875 0.040625 0.03046875
23 0.47421875 0.4578125 0.04296875 0.03671875
27 0.3890625 0.4703125 0.03046875 0.03515625
14 0.32265625 0.46015625 0.1 0.09609375
20 0.3828125 0.39765625 0.02734375 0.0234375
10 0.3234375 0.3984375 0.0640625 0.02734375
3 0.14921875 0.534375 0.025 0.0390625
23 0.42109375 0.25625 0.0421875 0.04453125
10 0.50234375 0.1828125 0.02265625 0.03828125
7 0.496875 0.159375 0.03046875 0.0140625
2 0.49609375 0.1421875 0.03671875 0.02265625
28 0.2875 0.1328125 0.11796875 0.01875
37 0.103125 0.17265625 0.025 0.0484375
37 0.10078125 0.33046875 0.02890625 0.03125
33 0.10546875 0.3546875 0.03046875 0.025
20 0.13828125 0.39921875 0.03828125 0.02265625
30 0.1015625 0.428125 0.0484375 0.0328125
20 0.3875 0.6015625 0.03828125 0.01953125
10 0.078125 0.81171875 0.025 0.04609375
10 0.07734375 0.64765625 0.02109375 0.0484375