22 0.69296875 0.684375 0.06328125 0.04296875
22 0.315625 0.4234375 0.0359375 0.03515625
22 0.703125 0.325 0.05703125 0.03203125
22 0.42890625 0.18515625 0.04375 0.0375
22 0.17734375 0.18671875 0.0375 0.03203125
12 0.01875 0.590625 0.01640625 0.05390625
24 0.0140625 0.790625 0.028125 0.0359375
10 0.0453125 0.1328125 0.028125 0.03515625
10 0.04296875 0.28203125 0.021875 0.0359375
28 0.13984375 0.29453125 0.12421875 0.03359375
28 0.23359375 0.49609375 0.021875 0.046875
28 0.10546875 0.3171875 0.0609375 0.02421875
28 0.90078125 0.4609375 0.01640625 0.059375
28 0.73203125 0.0421875 0.128125 0.01953125
21 0.16796875 0.68203125 0.0390625 0.04140625
21 0.16640625 0.78515625 0.03515625 0.04140625
21 0.31328125 0.78515625 0.0296875 0.0390625
21 0.3125 0.68203125 0.04140625 0.0359375
21 0.16640625 0.58203125 0.0375 0.03984375
21 0.31328125 0.5796875 0.0375 0.05
21 0.45703125 0.78515625 0.03359375 0.0359375
21 0.4546875 0.684375 0.03125 0.03984375
21 0.45546875 0.58046875 0.03515625 0.03984375
21 0.08046875 0.4796875 0.03515625 0.0359375
21 0.19296875 0.48359375 0.03203125 0.0390625
21 0.140625 0.35078125 0.046875 0.03984375
21 0.47421875 0.06171875 0.0390625 0.0453125
20 0.23203125 0.29296875 0.03203125 0.021875
20 0.409375 0.12578125 0.028125 0.0296875
20 0.56484375 0.19921875 0.02578125 0.03125
4 0.1140625 0.50625 0.03359375 0.03359375
8 0.0796875 0.5359375 0.0609375 0.0203125
20 0.11953125 0.53515625 0.02421875 0.02734375
10 0.14296875 0.40859375 0.06875 0.021875
3 0.08828125 0.35390625 0.0375 0.0390625
23 0.3125 0.27890625 0.046875 0.04375
27 0.2609375 0.4046875 0.02578125 0.0359375
26 0.07265625 0.65625 0.03359375 0.04921875
29 0.0828125 0.70859375 0.046875 0.04765625
4 0.23359375 0.74453125 0.0515625 0.046875
0 0.375 0.121875 0.028125 0.02421875
38 0.46953125 0.45703125 0.01640625 0.0390625
2 0.4609375 0.4859375 0.0375 0.0234375
10 0.4640625 0.509375 0.03125 0.028125
33 0.46328125 0.53046875 0.0296875 0.03203125
10 0.4984375 0.26328125 0.0296875 0.03984375
10 0.50859375 0.22265625 0.0453125 0.01953125
7 0.896875 0.13515625 0.028125 0.021875
10 0.89765625 0.15234375 0.02578125 0.02578125
2 0.89921875 0.17421875 0.0234375 0.0203125
10 0.83046875 0.5359375 0.03984375 0.0234375
10 0.49453125 0.41953125 0.02421875 0.04296875
37 0.5015625 0.50703125 0.03359375 0.0296875
33 0.5046875 0.53046875 0.03515625 0.02421875
13 0.51171875 0.98046875 0.0359375 0.0390625
10 0.51328125 0.96796875 0.04140625 0.01171875
10 0.52734375 0.9328125 0.04375 0.01796875
20 0.53515625 0.92890625 0.01796875 0.01796875
10 0.875 0.68828125 0.01796875 0.05
18 0.071875 0.76875 0.021875 0.0234375
26 0.071875 0.7890625 0.02421875 0.01640625
37 0.0734375 0.8078125 0.028125 0.02421875
37 0.1125 0.81171875 0.04140625 0.01796875
39 0.2875 0.80078125 0.0296875 0.0234375
25 0.27421875 0.86328125 0.03984375 0.02578125
37 0.42890625 0.8109375 0.04375 0.021875
20 0.36015625 0.53125 0.03125 0.03125
20 0.378125 0.5578125 0.03515625 0.021875
27 0.39453125 0.5578125 0.02421875 0.01953125
10 0.54296875 0.5578125 0.046875 0.01640625
2 0.86875 0.8796875 0.03515625 0.0234375
7 0.86953125 0.90078125 0.03359375 0.015625
10 0.875 0.91953125 0.0203125 0.0296875