22 0.28359375 0.66953125 0.065625 0.04453125
22 0.67578125 0.3984375 0.0375 0.0359375
22 0.2734375 0.296875 0.05859375 0.03359375
22 0.5578125 0.15234375 0.0453125 0.0390625
22 0.81875 0.153125 0.0390625 0.03359375
12 0.98359375 0.57265625 0.0171875 0.05625
24 0.98671875 0.78046875 0.0265625 0.0375
10 0.95546875 0.096875 0.0296875 0.0359375
10 0.9578125 0.25234375 0.02265625 0.0375
28 0.8578125 0.265625 0.12890625 0.03515625
28 0.7609375 0.47421875 0.02265625 0.0484375
28 0.89375 0.2890625 0.06328125 0.02578125
28 0.06796875 0.43828125 0.0171875 0.06171875
28 0.24296875 0.00703125 0.1328125 0.01328125
21 0.828125 0.6671875 0.03984375 0.04296875
21 0.83046875 0.775 0.0359375 0.04296875
21 0.67734375 0.775 0.03046875 0.03984375
21 0.678125 0.6671875 0.04296875 0.0375
21 0.83046875 0.5640625 0.0390625 0.04140625
21 0.67734375 0.5609375 0.0390625 0.05234375
21 0.528125 0.775 0.03515625 0.0375
21 0.53046875 0.66953125 0.03203125 0.04140625
21 0.53046875 0.5625 0.0359375 0.04140625
21 0.91875 0.45703125 0.0359375 0.0375
21 0.80234375 0.4609375 0.03359375 0.03984375
21 0.85625 0.3234375 0.0484375 0.04140625
21 0.5109375 0.0234375 0.03984375 0.046875
20 0.76171875 0.26328125 0.03359375 0.02265625
20 0.578125 0.090625 0.0296875 0.03046875
20 0.4171875 0.16640625 0.0265625 0.03203125
4 0.884375 0.48515625 0.03515625 0.03515625
8 0.9203125 0.51640625 0.06328125 0.02109375
20 0.87890625 0.515625 0.02578125 0.028125
10 0.8546875 0.384375 0.07109375 0.02265625
3 0.9109375 0.32734375 0.0390625 0.03984375
23 0.678125 0.24921875 0.0484375 0.0453125
27 0.73203125 0.3796875 0.0265625 0.0375
26 0.92734375 0.640625 0.03515625 0.05078125
29 0.9171875 0.6953125 0.0484375 0.04921875
4 0.76015625 0.73203125 0.05390625 0.0484375
0 0.6140625 0.08671875 0.0296875 0.02578125
38 0.515625 0.434375 0.0171875 0.03984375
2 0.525 0.4640625 0.0390625 0.02421875
10 0.52109375 0.48828125 0.03203125 0.0296875
33 0.521875 0.51015625 0.03046875 0.03359375
10 0.4859375 0.2328125 0.03046875 0.04140625
10 0.475 0.19140625 0.046875 0.0203125
7 0.07265625 0.1 0.0296875 0.02265625
10 0.07109375 0.11796875 0.0265625 0.0265625
2 0.06953125 0.140625 0.02421875 0.02109375
10 0.14140625 0.51640625 0.04140625 0.02421875
10 0.48984375 0.39453125 0.02578125 0.04453125
37 0.4828125 0.4859375 0.03515625 0.03046875
33 0.47890625 0.51015625 0.0359375 0.02578125
13 0.471875 0.978125 0.0375 0.04140625
10 0.4703125 0.96484375 0.04296875 0.01171875
10 0.45546875 0.92734375 0.0453125 0.01875
20 0.44765625 0.9234375 0.01875 0.01875
10 0.0953125 0.6734375 0.01875 0.05234375
18 0.928125 0.75703125 0.02265625 0.02421875
26 0.928125 0.778125 0.02578125 0.0171875
37 0.9265625 0.7984375 0.0296875 0.02578125
37 0.8859375 0.8015625 0.04296875 0.01875
39 0.7046875 0.790625 0.03046875 0.02421875
25 0.71796875 0.85546875 0.04140625 0.0265625
37 0.5578125 0.80078125 0.0453125 0.02265625
20 0.62890625 0.5109375 0.03203125 0.03203125
20 0.6109375 0.53828125 0.0359375 0.02265625
27 0.59296875 0.53828125 0.02578125 0.0203125
10 0.43984375 0.53828125 0.0484375 0.0171875
2 0.1015625 0.87265625 0.0359375 0.02421875
7 0.10078125 0.89375 0.03515625 0.01640625
10 0.0953125 0.91328125 0.02109375 0.03046875