22 0.734375 0.33515625 0.065625 0.04375
22 0.34375 0.6046875 0.0375 0.0359375
22 0.74375 0.70625 0.05859375 0.03359375
22 0.46171875 0.85 0.0453125 0.03828125
22 0.20234375 0.8484375 0.03828125 0.03359375
13 0.01015625 0.48671875 0.0203125 0.04765625
12 0.03828125 0.43203125 0.0171875 0.05625
24 0.03046875 0.225 0.034375 0.0375
16 0.0109375 0.9125 0.02109375 0.05234375
10 0.065625 0.9046875 0.0296875 0.0359375
10 0.06328125 0.75078125 0.02265625 0.0375
28 0.1625 0.7375 0.128125 0.034375
28 0.259375 0.5296875 0.02265625 0.04765625
28 0.12734375 0.7140625 0.0625 0.025
28 0.9484375 0.565625 0.0171875 0.06171875
28 0.77421875 0.99375 0.13203125 0.01171875
21 0.1921875 0.3375 0.03984375 0.04296875
21 0.18984375 0.23046875 0.0359375 0.04296875
21 0.3421875 0.23046875 0.03046875 0.03984375
21 0.34140625 0.3375 0.04296875 0.0375
21 0.18984375 0.440625 0.03828125 0.04140625
21 0.3421875 0.44296875 0.03828125 0.05234375
21 0.490625 0.23046875 0.034375 0.0375
21 0.48828125 0.33515625 0.03203125 0.04140625
21 0.48828125 0.4421875 0.0359375 0.04140625
21 0.10234375 0.546875 0.0359375 0.0375
21 0.21796875 0.54296875 0.03359375 0.03984375
21 0.1640625 0.6796875 0.04765625 0.04140625
21 0.5078125 0.97734375 0.03984375 0.0453125
20 0.2578125 0.7390625 0.03359375 0.02265625
20 0.44140625 0.91171875 0.0296875 0.03046875
20 0.6015625 0.8359375 0.0265625 0.03203125
4 0.1359375 0.51875 0.034375 0.034375
8 0.10078125 0.48828125 0.0625 0.02109375
20 0.1421875 0.48828125 0.025 0.028125
10 0.165625 0.61953125 0.0703125 0.02265625
3 0.11015625 0.67578125 0.03828125 0.03984375
23 0.34140625 0.753125 0.04765625 0.0453125
27 0.28828125 0.62421875 0.0265625 0.0375
26 0.09296875 0.3640625 0.034375 0.05078125
29 0.10390625 0.31015625 0.04765625 0.04921875
4 0.26015625 0.2734375 0.053125 0.04765625
0 0.40546875 0.915625 0.0296875 0.025
38 0.503125 0.56953125 0.0171875 0.03984375
2 0.49375 0.53984375 0.03828125 0.02421875
10 0.49765625 0.515625 0.03203125 0.0296875
33 0.496875 0.49375 0.03046875 0.03359375
10 0.5328125 0.7703125 0.03046875 0.04140625
10 0.54296875 0.81171875 0.046875 0.0203125
7 0.94375 0.90234375 0.0296875 0.02265625
10 0.9453125 0.884375 0.0265625 0.0265625
2 0.946875 0.86171875 0.02421875 0.02109375
10 0.875 0.48828125 0.04140625 0.02421875
10 0.52890625 0.60859375 0.025 0.04375
37 0.5359375 0.51796875 0.034375 0.03046875
33 0.5390625 0.49375 0.0359375 0.025
13 0.546875 0.02890625 0.0375 0.04140625
10 0.54765625 0.0421875 0.04296875 0.01171875
10 0.5625 0.07890625 0.0453125 0.01875
20 0.5703125 0.0828125 0.01875 0.01875
10 0.92109375 0.33125 0.01875 0.05234375
18 0.09296875 0.24765625 0.02265625 0.02421875
26 0.09296875 0.22734375 0.025 0.0171875
37 0.09453125 0.20703125 0.0296875 0.025
37 0.134375 0.20390625 0.04296875 0.01875
39 0.315625 0.21484375 0.03046875 0.02421875
25 0.30234375 0.15078125 0.04140625 0.0265625
37 0.46171875 0.2046875 0.0453125 0.02265625
20 0.390625 0.49296875 0.03203125 0.03203125
20 0.40859375 0.465625 0.0359375 0.02265625
27 0.42578125 0.465625 0.025 0.0203125
10 0.57890625 0.465625 0.04765625 0.0171875
2 0.915625 0.13359375 0.0359375 0.02421875
7 0.915625 0.11171875 0.034375 0.015625
10 0.92109375 0.09296875 0.02109375 0.03046875