22 0.32890625 0.74609375 0.046875 0.04296875
22 0.77109375 0.77578125 0.07421875 0.0546875
22 0.60234375 0.478125 0.05078125 0.03515625
22 0.80078125 0.28984375 0.06171875 0.03359375
22 0.346875 0.29140625 0.0578125 0.046875
21 0.83828125 0.4796875 0.04453125 0.0453125
21 0.94140625 0.48359375 0.04453125 0.0453125
21 0.83515625 0.5765625 0.040625 0.04296875
21 0.9390625 0.57265625 0.0453125 0.02734375
21 0.18046875 0.48828125 0.04296875 0.05234375
21 0.28671875 0.490625 0.0375 0.0390625
21 0.23125 0.57109375 0.03359375 0.04296875
28 0.32890625 0.15625 0.13046875 0.021875
28 0.76015625 0.153125 0.1171875 0.02890625
28 0.3140625 0.8875 0.13203125 0.015625
28 0.775 0.890625 0.13203125 0.02734375
23 0.45859375 0.278125 0.03515625 0.04140625
37 0.1578125 0.18828125 0.046875 0.03125
37 0.153125 0.346875 0.0328125 0.040625
37 0.15 0.37890625 0.02890625 0.02109375
20 0.1875 0.4203125 0.0296875 0.0234375
10 0.3671875 0.42578125 0.0546875 0.015625
11 0.19921875 0.55859375 0.02734375 0.03359375
30 0.15078125 0.4546875 0.02734375 0.03125
10 0.12265625 0.67578125 0.02109375 0.04296875
10 0.12109375 0.84140625 0.01953125 0.04296875
10 0.5296875 0.75234375 0.01796875 0.0375
20 0.4265625 0.625 0.04296875 0.021875
14 0.3640625 0.4875 0.096875 0.103125
27 0.42890625 0.48984375 0.0328125 0.0328125
23 0.51640625 0.48203125 0.0328125 0.0390625
20 0.54921875 0.45234375 0.02734375 0.0296875
28 0.60234375 0.4453125 0.06171875 0.01796875
2 0.5390625 0.16484375 0.02578125 0.01796875
7 0.53828125 0.18046875 0.0375 0.0171875
10 0.53203125 0.203125 0.03515625 0.0328125
10 0.56875 0.21171875 0.02734375 0.0390625
20 0.42578125 0.41796875 0.02890625 0.03125
2 0.5625 0.75703125 0.0390625 0.02890625
10 0.55703125 0.78125 0.0328125 0.0328125
10 0.9734375 0.85703125 0.025 0.0453125
10 0.97734375 0.6953125 0.0171875 0.0375
14 0.88828125 0.6203125 0.2 0.065625
3 0.90703125 0.54140625 0.03359375 0.03359375
30 0.94921875 0.453125 0.04453125 0.02890625
20 0.76796875 0.52890625 0.02734375 0.03359375
20 0.76953125 0.41953125 0.0453125 0.025
20 0.76953125 0.63671875 0.0296875 0.03125
31 0.771875 0.5625 0.01953125 0.02578125
10 0.95078125 0.1703125 0.021875 0.0453125
10 0.95078125 0.3390625 0.01796875 0.0390625