22 0.65859375 0.78125 0.05 0.04609375
22 0.18828125 0.8125 0.07890625 0.05859375
22 0.3671875 0.496875 0.05390625 0.0375
22 0.15625 0.29609375 0.065625 0.0359375
22 0.6390625 0.296875 0.0609375 0.05
21 0.11640625 0.49765625 0.046875 0.0484375
21 0.015625 0.50234375 0.03046875 0.0484375
21 0.1203125 0.60078125 0.04296875 0.04609375
21 0.0171875 0.59609375 0.034375 0.0296875
21 0.815625 0.50703125 0.04609375 0.05546875
21 0.703125 0.509375 0.040625 0.04140625
21 0.7625 0.5953125 0.0359375 0.04609375
28 0.65859375 0.153125 0.1390625 0.0234375
28 0.2 0.15 0.125 0.03046875
28 0.67421875 0.93203125 0.140625 0.01640625
28 0.184375 0.93515625 0.140625 0.02890625
23 0.5203125 0.28359375 0.0375 0.04453125
37 0.840625 0.1875 0.05 0.03359375
37 0.8453125 0.35625 0.034375 0.04296875
37 0.8484375 0.390625 0.03046875 0.021875
20 0.809375 0.434375 0.03203125 0.025
10 0.61796875 0.440625 0.05859375 0.01640625
11 0.796875 0.58203125 0.02890625 0.0359375
30 0.84765625 0.47109375 0.02890625 0.03359375
10 0.878125 0.70625 0.021875 0.04609375
10 0.8796875 0.8828125 0.02109375 0.04609375
10 0.44453125 0.78828125 0.01953125 0.040625
20 0.5546875 0.65234375 0.04609375 0.0234375
14 0.62109375 0.50625 0.103125 0.109375
27 0.55234375 0.509375 0.034375 0.034375
23 0.459375 0.5 0.034375 0.04140625
20 0.42421875 0.46875 0.02890625 0.03203125
28 0.3671875 0.4609375 0.065625 0.01953125
2 0.434375 0.1625 0.028125 0.01953125
7 0.43515625 0.1796875 0.040625 0.01796875
10 0.4421875 0.203125 0.0375 0.034375
10 0.403125 0.2125 0.02890625 0.04140625
20 0.55546875 0.43203125 0.03046875 0.03359375
2 0.409375 0.79296875 0.04140625 0.03046875
10 0.415625 0.81875 0.034375 0.034375
14 0.08515625 0.64609375 0.1703125 0.0703125
3 0.04296875 0.5640625 0.0359375 0.0359375
30 0.0109375 0.46953125 0.021875 0.03046875
20 0.190625 0.55 0.02890625 0.0359375
20 0.18984375 0.434375 0.0484375 0.0265625
20 0.18984375 0.665625 0.03203125 0.03359375
31 0.18671875 0.5859375 0.02109375 0.028125
10 0.0046875 0.16796875 0.009375 0.0484375
10 0.00390625 0.34765625 0.0078125 0.0421875