22 0.68046875 0.2578125 0.04609375 0.0421875
22 0.25 0.22890625 0.07265625 0.053125
22 0.4140625 0.51875 0.05 0.034375
22 0.22109375 0.70234375 0.06015625 0.0328125
22 0.6625 0.70078125 0.05625 0.04609375
21 0.184375 0.5171875 0.04296875 0.04453125
21 0.08359375 0.51328125 0.04296875 0.04453125
21 0.1875 0.42265625 0.0390625 0.0421875
21 0.0859375 0.4265625 0.04453125 0.0265625
21 0.825 0.50859375 0.0421875 0.05078125
21 0.721875 0.50625 0.03671875 0.03828125
21 0.77578125 0.428125 0.0328125 0.0421875
28 0.68046875 0.8328125 0.12734375 0.021875
28 0.2609375 0.8359375 0.11484375 0.028125
28 0.6953125 0.11953125 0.128125 0.015625
28 0.24609375 0.11640625 0.128125 0.0265625
23 0.55390625 0.7140625 0.034375 0.040625
37 0.84765625 0.8015625 0.04609375 0.03046875
37 0.8515625 0.646875 0.03203125 0.0390625
37 0.8546875 0.615625 0.028125 0.0203125
20 0.81875 0.575 0.02890625 0.02265625
10 0.64375 0.5703125 0.053125 0.015625
11 0.80703125 0.43984375 0.0265625 0.0328125
30 0.8546875 0.5421875 0.0265625 0.03046875
10 0.88203125 0.3265625 0.0203125 0.0421875
10 0.88359375 0.16484375 0.01875 0.0421875
10 0.484375 0.2515625 0.01796875 0.03671875
20 0.5859375 0.37578125 0.0421875 0.021875
14 0.64609375 0.509375 0.09453125 0.10078125
27 0.58359375 0.50703125 0.03203125 0.03203125
23 0.4984375 0.515625 0.03203125 0.03828125
20 0.46640625 0.54375 0.0265625 0.02890625
28 0.4140625 0.55078125 0.06015625 0.01796875
2 0.47578125 0.82421875 0.02578125 0.01796875
7 0.4765625 0.80859375 0.03671875 0.01640625
10 0.4828125 0.78671875 0.034375 0.03203125
10 0.446875 0.77890625 0.0265625 0.03828125
20 0.58671875 0.57734375 0.028125 0.03046875
2 0.453125 0.246875 0.03828125 0.028125
10 0.45859375 0.2234375 0.03203125 0.03203125
10 0.053125 0.14921875 0.02421875 0.04453125
10 0.04921875 0.30703125 0.01640625 0.03671875
14 0.13515625 0.38046875 0.19453125 0.06328125
3 0.1171875 0.45703125 0.0328125 0.0328125
30 0.0765625 0.54296875 0.04296875 0.028125
20 0.25234375 0.46953125 0.0265625 0.0328125
20 0.2515625 0.57578125 0.04453125 0.02421875
20 0.2515625 0.3640625 0.02890625 0.03046875
31 0.2484375 0.43671875 0.01875 0.02578125
10 0.07421875 0.81875 0.021875 0.04453125
10 0.075 0.65390625 0.01796875 0.03828125