22 0.68828125 0.690625 0.07890625 0.04765625
22 0.690625 0.31171875 0.06171875 0.03515625
22 0.2953125 0.41484375 0.040625 0.0640625
22 0.153125 0.1625 0.04375 0.04375
22 0.41484375 0.16015625 0.05078125 0.04765625
21 0.45546875 0.0359375 0.04765625 0.0453125
21 0.44609375 0.79375 0.04765625 0.04921875
21 0.4375 0.6890625 0.0453125 0.0421875
21 0.44296875 0.5734375 0.03984375 0.05703125
21 0.290625 0.68359375 0.0515625 0.0453125
21 0.29296875 0.7953125 0.03125 0.03828125
21 0.1390625 0.79609375 0.04375 0.0421875
21 0.1421875 0.68984375 0.04921875 0.040625
21 0.15 0.5765625 0.04921875 0.04609375
21 0.2828125 0.57890625 0.05703125 0.0546875
21 0.0515625 0.48515625 0.04375 0.03828125
21 0.1578125 0.48125 0.05078125 0.03828125
21 0.109375 0.33828125 0.0328125 0.05859375
13 0.4984375 0.99140625 0.0375 0.0171875
10 0.4953125 0.98671875 0.04765625 0.0125
10 0.5125 0.9515625 0.04921875 0.0203125
20 0.51875 0.9484375 0.02890625 0.01875
2 0.87109375 0.896875 0.02890625 0.02578125
7 0.871875 0.915625 0.0296875 0.01484375
10 0.87421875 0.9375 0.02421875 0.02734375
10 0.87578125 0.69296875 0.021875 0.04375
37 0.415625 0.8234375 0.04765625 0.01875
10 0.5296875 0.55625 0.05078125 0.01875
10 0.81953125 0.5296875 0.0546875 0.01640625
28 0.90078125 0.45390625 0.01796875 0.06171875
10 0.90390625 0.13046875 0.0203125 0.03125
2 0.90234375 0.15546875 0.03671875 0.0296875
28 0.73359375 0.0171875 0.128125 0.02890625
20 0.55625 0.1796875 0.0296875 0.03125
10 0.49765625 0.2015625 0.04609375 0.0234375
10 0.48203125 0.2390625 0.02734375 0.04609375
10 0.4828125 0.409375 0.0203125 0.0421875
37 0.48671875 0.49765625 0.03125 0.03671875
33 0.49140625 0.525 0.03984375 0.0203125
34 0.45546875 0.45390625 0.0234375 0.04765625
2 0.44453125 0.4828125 0.03671875 0.02578125
10 0.45390625 0.5046875 0.02578125 0.03125
33 0.44921875 0.52578125 0.03515625 0.021875
25 0.2484375 0.875 0.04375 0.03671875
20 0.39921875 0.096875 0.040625 0.021875
15 0.3390625 0.1 0.02734375 0.02734375
0 0.36171875 0.09609375 0.02578125 0.02578125
10 0.01328125 0.1125 0.01875 0.0453125
4 0.21484375 0.75 0.053125 0.0328125
37 0.0921875 0.825 0.04765625 0.0296875
37 0.04296875 0.81875 0.0234375 0.03125
26 0.0421875 0.7796875 0.021875 0.02421875
18 0.04296875 0.79765625 0.02578125 0.01640625
29 0.05703125 0.71640625 0.0421875 0.034375
26 0.0453125 0.6609375 0.02734375 0.0328125
39 0.27109375 0.8125 0.0203125 0.01875
20 0.36640625 0.55859375 0.040625 0.021875
20 0.3453125 0.5328125 0.02421875 0.021875
28 0.209375 0.49375 0.0234375 0.0453125
20 0.09140625 0.52734375 0.03828125 0.02421875
8 0.05234375 0.5328125 0.05078125 0.02421875
4 0.08984375 0.50078125 0.02890625 0.02890625
27 0.2390625 0.40078125 0.02421875 0.034375
10 0.11171875 0.3953125 0.0546875 0.01484375
3 0.0625 0.340625 0.0328125 0.03125
28 0.0828125 0.29921875 0.06171875 0.01328125
28 0.11640625 0.28125 0.11484375 0.01875
10 0.01484375 0.2671875 0.02421875 0.03671875
20 0.20390625 0.2796875 0.0328125 0.0203125
23 0.28828125 0.2640625 0.04921875 0.034375