22 0.28984375 0.6734375 0.0734375 0.04453125
22 0.28828125 0.3203125 0.05703125 0.0328125
22 0.65625 0.41640625 0.03828125 0.06015625
22 0.7890625 0.18203125 0.040625 0.040625
22 0.5453125 0.1796875 0.046875 0.04453125
21 0.50703125 0.0640625 0.04453125 0.0421875
21 0.515625 0.76953125 0.04453125 0.04609375
21 0.5234375 0.67265625 0.0421875 0.0390625
21 0.51875 0.56484375 0.03671875 0.053125
21 0.66015625 0.6671875 0.0484375 0.0421875
21 0.65859375 0.77109375 0.02890625 0.0359375
21 0.8015625 0.771875 0.040625 0.0390625
21 0.79921875 0.67265625 0.04609375 0.03828125
21 0.79140625 0.5671875 0.04609375 0.04296875
21 0.66796875 0.5703125 0.053125 0.05078125
21 0.8828125 0.48203125 0.040625 0.0359375
21 0.784375 0.478125 0.046875 0.0359375
21 0.8296875 0.3453125 0.03046875 0.0546875
13 0.46796875 0.96328125 0.0359375 0.0359375
10 0.4703125 0.95 0.04453125 0.01171875
10 0.45390625 0.91640625 0.04609375 0.01875
20 0.4484375 0.91328125 0.0265625 0.01796875
2 0.1203125 0.865625 0.0265625 0.02421875
7 0.11953125 0.88359375 0.028125 0.0140625
10 0.1171875 0.903125 0.02265625 0.02578125
10 0.115625 0.67578125 0.0203125 0.040625
37 0.54375 0.79765625 0.04453125 0.01796875
10 0.43828125 0.5484375 0.046875 0.01796875
10 0.16796875 0.52421875 0.05078125 0.015625
28 0.0921875 0.45390625 0.01640625 0.05703125
10 0.08984375 0.15234375 0.01875 0.02890625
2 0.090625 0.17578125 0.034375 0.028125
28 0.2484375 0.04609375 0.11953125 0.0265625
20 0.41328125 0.19765625 0.028125 0.02890625
10 0.46796875 0.21796875 0.04296875 0.021875
10 0.48203125 0.253125 0.02578125 0.04296875
10 0.48125 0.41171875 0.01875 0.0390625
37 0.478125 0.49453125 0.02890625 0.034375
33 0.47421875 0.51953125 0.03671875 0.01875
34 0.50703125 0.45390625 0.021875 0.04453125
2 0.5171875 0.48046875 0.034375 0.02421875
10 0.50859375 0.50078125 0.02421875 0.02890625
33 0.5125 0.5203125 0.0328125 0.0203125
25 0.7 0.8453125 0.040625 0.034375
20 0.56015625 0.12109375 0.03828125 0.0203125
15 0.615625 0.1234375 0.02578125 0.02578125
0 0.59453125 0.1203125 0.02421875 0.02421875
10 0.91875 0.13515625 0.01796875 0.0421875
16 0.971875 0.12578125 0.03046875 0.05078125
4 0.73125 0.72890625 0.05 0.03046875
37 0.8453125 0.79921875 0.04453125 0.028125
24 0.94375 0.78046875 0.02578125 0.02890625
37 0.89140625 0.79296875 0.021875 0.02890625
26 0.8921875 0.75703125 0.0203125 0.02265625
18 0.89140625 0.7734375 0.02421875 0.015625
29 0.878125 0.69765625 0.0390625 0.03203125
26 0.8890625 0.64609375 0.02578125 0.03046875
12 0.93984375 0.57890625 0.01796875 0.03828125
39 0.67890625 0.7875 0.01875 0.01796875
20 0.590625 0.55078125 0.03828125 0.0203125
20 0.609375 0.5265625 0.02265625 0.0203125
28 0.7359375 0.490625 0.021875 0.0421875
20 0.84609375 0.521875 0.0359375 0.02265625
8 0.88203125 0.5265625 0.046875 0.02265625
4 0.84765625 0.496875 0.0265625 0.0265625
27 0.70859375 0.40390625 0.02265625 0.03203125
10 0.82734375 0.39921875 0.05078125 0.0140625
3 0.87265625 0.34765625 0.03046875 0.02890625
28 0.8546875 0.309375 0.05703125 0.0125
28 0.8234375 0.29296875 0.10703125 0.01796875
10 0.9171875 0.27890625 0.02265625 0.034375
20 0.74140625 0.290625 0.03046875 0.01875
23 0.6625 0.2765625 0.04609375 0.03203125
13 0.97890625 0.53046875 0.0421875 0.03828125