22 0.7171875 0.3375 0.075 0.0453125
22 0.71875 0.69609375 0.0578125 0.03359375
22 0.3453125 0.59921875 0.0390625 0.0609375
22 0.2109375 0.8375 0.04140625 0.04140625
22 0.4578125 0.8390625 0.04765625 0.0453125
21 0.496875 0.95703125 0.0453125 0.04296875
21 0.4875 0.240625 0.0453125 0.046875
21 0.4796875 0.3390625 0.04296875 0.03984375
21 0.48515625 0.4484375 0.0375 0.05390625
21 0.34140625 0.34453125 0.04921875 0.04296875
21 0.34296875 0.2390625 0.0296875 0.0359375
21 0.19765625 0.23828125 0.04140625 0.03984375
21 0.2 0.33828125 0.046875 0.0390625
21 0.2078125 0.44609375 0.046875 0.04375
21 0.33359375 0.44296875 0.05390625 0.0515625
21 0.11484375 0.53203125 0.04140625 0.0359375
21 0.21484375 0.5359375 0.04765625 0.0359375
21 0.16953125 0.67109375 0.03125 0.05546875
13 0.5359375 0.04375 0.0359375 0.0359375
10 0.534375 0.0578125 0.0453125 0.01171875
10 0.55 0.09140625 0.046875 0.01953125
20 0.55625 0.09453125 0.02734375 0.01796875
2 0.88984375 0.14296875 0.02734375 0.02421875
7 0.88984375 0.125 0.028125 0.0140625
10 0.89296875 0.1046875 0.0234375 0.02578125
10 0.89375 0.3359375 0.0203125 0.04140625
37 0.459375 0.21171875 0.0453125 0.01796875
10 0.56640625 0.46484375 0.04765625 0.01796875
10 0.84140625 0.48984375 0.0515625 0.015625
28 0.91796875 0.56171875 0.01640625 0.0578125
10 0.9203125 0.8671875 0.01953125 0.0296875
2 0.91953125 0.84375 0.03515625 0.028125
28 0.759375 0.975 0.12109375 0.02734375
20 0.59140625 0.82109375 0.028125 0.0296875
10 0.5359375 0.8 0.04375 0.021875
10 0.521875 0.76484375 0.02578125 0.04375
10 0.52265625 0.60390625 0.01953125 0.03984375
37 0.5265625 0.5203125 0.0296875 0.03515625
33 0.53046875 0.49453125 0.0375 0.01953125
34 0.496875 0.56171875 0.021875 0.0453125
2 0.48671875 0.534375 0.03515625 0.02421875
10 0.4953125 0.51328125 0.02421875 0.0296875
33 0.490625 0.49375 0.03359375 0.0203125
25 0.30078125 0.16328125 0.04140625 0.03515625
20 0.44296875 0.89921875 0.0390625 0.0203125
15 0.3859375 0.896875 0.02578125 0.02578125
0 0.4078125 0.9 0.02421875 0.02421875
10 0.07890625 0.884375 0.01796875 0.04296875
16 0.02421875 0.89375 0.03125 0.0515625
4 0.26953125 0.28203125 0.05 0.03125
37 0.153125 0.2109375 0.0453125 0.028125
24 0.053125 0.2296875 0.02578125 0.0296875
37 0.10625 0.21640625 0.021875 0.0296875
26 0.10625 0.253125 0.0203125 0.0234375
18 0.10625 0.23671875 0.02421875 0.015625
29 0.11953125 0.31328125 0.03984375 0.03203125
26 0.10859375 0.365625 0.02578125 0.03125
12 0.05703125 0.434375 0.01796875 0.0390625
39 0.32265625 0.221875 0.01953125 0.01796875
20 0.4125 0.4625 0.0390625 0.0203125
20 0.39296875 0.48671875 0.0234375 0.0203125
28 0.2640625 0.52421875 0.021875 0.04296875
20 0.15234375 0.4921875 0.0359375 0.0234375
8 0.115625 0.48671875 0.04765625 0.0234375
4 0.15078125 0.5171875 0.02734375 0.02734375
27 0.2921875 0.61171875 0.0234375 0.03203125
10 0.171875 0.6171875 0.0515625 0.0140625
3 0.125 0.66875 0.03125 0.0296875
28 0.14375 0.7078125 0.0578125 0.01328125
28 0.17578125 0.725 0.10859375 0.01796875
10 0.08046875 0.73828125 0.0234375 0.03515625
20 0.25859375 0.7265625 0.03125 0.01953125
23 0.33828125 0.740625 0.046875 0.03203125
13 0.01953125 0.48359375 0.0390625 0.0390625