22 0.678125 0.5359375 0.034375 0.04140625
22 0.4078125 0.721875 0.04296875 0.03515625
22 0.18671875 0.68046875 0.0328125 0.03046875
22 0.40703125 0.58515625 0.03515625 0.02890625
22 0.3078125 0.43359375 0.046875 0.03671875
22 0.1921875 0.2484375 0.03125 0.0328125
21 0.88203125 0.6234375 0.0265625 0.03515625
21 0.8796875 0.565625 0.02421875 0.040625
21 0.88125 0.5078125 0.02890625 0.03046875
21 0.45 0.3484375 0.03515625 0.03125
21 0.44375 0.284375 0.03671875 0.0390625
21 0.35703125 0.28515625 0.03125 0.04375
21 0.15390625 0.5203125 0.0265625 0.0375
21 0.1984375 0.4296875 0.02890625 0.03515625
21 0.11328125 0.425 0.025 0.04375
30 0.92578125 0.67734375 0.02734375 0.02734375
3 0.84921875 0.5015625 0.01484375 0.0265625
37 0.8109375 0.41484375 0.025 0.0390625
37 0.8109375 0.54921875 0.02265625 0.0375
20 0.8109375 0.57890625 0.01484375 0.02109375
10 0.56953125 0.6875 0.034375 0.0203125
10 0.5078125 0.7328125 0.02109375 0.0453125
23 0.60859375 0.5328125 0.02421875 0.0328125
20 0.56328125 0.56328125 0.0125 0.0328125
10 0.54296875 0.51484375 0.01796875 0.04140625
7 0.54140625 0.48828125 0.02265625 0.0203125
2 0.54609375 0.471875 0.01640625 0.04140625
28 0.74609375 0.31875 0.1046875 0.01796875
3 0.47734375 0.284375 0.025 0.02265625
30 0.40390625 0.365625 0.0265625 0.034375
27 0.33828125 0.40078125 0.034375 0.0203125
20 0.3078125 0.32734375 0.01640625 0.03046875
10 0.35703125 0.18046875 0.0265625 0.04765625
28 0.2203125 0.1171875 0.08828125 0.0125
23 0.23203125 0.28125 0.025 0.02890625
20 0.240625 0.3765625 0.025 0.0203125
10 0.08359375 0.14140625 0.02109375 0.05
10 0.084375 0.296875 0.025 0.0453125
30 0.08671875 0.403125 0.01796875 0.03046875
3 0.1203125 0.453125 0.02421875 0.0203125
10 0.22265625 0.55859375 0.04140625 0.01640625
10 0.0921875 0.56171875 0.03671875 0.0203125
10 0.1484375 0.79140625 0.040625 0.01875
28 0.2171875 0.79296875 0.071875 0.01640625
28 0.42734375 0.7953125 0.06640625 0.01640625
10 0.2875 0.71953125 0.01796875 0.040625
10 0.30703125 0.72265625 0.02265625 0.05
20 0.2578125 0.4578125 0.02890625 0.02109375
23 0.36953125 0.59140625 0.02890625 0.02890625
20 0.284375 0.63828125 0.0265625 0.0453125
20 0.37578125 0.653125 0.03671875 0.01875
20 0.3765625 0.62734375 0.04296875 0.025
31 0.41015625 0.6296875 0.01875 0.0203125
28 0.44765625 0.6328125 0.05390625 0.01640625