22 0.30078125 0.55390625 0.03515625 0.04296875
22 0.58125 0.746875 0.04453125 0.03671875
22 0.8109375 0.70390625 0.03359375 0.03125
22 0.58203125 0.60546875 0.03671875 0.0296875
22 0.684375 0.4484375 0.0484375 0.0375
22 0.8046875 0.25625 0.0328125 0.03359375
21 0.0890625 0.64453125 0.02734375 0.03671875
21 0.0921875 0.58515625 0.025 0.04140625
21 0.090625 0.525 0.0296875 0.03125
21 0.5375 0.359375 0.03671875 0.0328125
21 0.54375 0.29296875 0.0375 0.040625
21 0.63359375 0.29453125 0.0328125 0.0453125
21 0.84375 0.5375 0.02734375 0.0390625
21 0.7984375 0.44375 0.0296875 0.03671875
21 0.88671875 0.4390625 0.02578125 0.0453125
30 0.04453125 0.70078125 0.02890625 0.02890625
3 0.12421875 0.51875 0.015625 0.02734375
37 0.16328125 0.42890625 0.02578125 0.040625
37 0.16328125 0.56796875 0.0234375 0.0390625
20 0.16328125 0.5984375 0.015625 0.021875
10 0.41328125 0.71171875 0.03515625 0.02109375
10 0.47734375 0.75859375 0.021875 0.046875
23 0.37265625 0.55078125 0.025 0.03359375
20 0.4203125 0.58203125 0.01328125 0.03359375
10 0.44140625 0.53203125 0.01796875 0.04296875
7 0.4421875 0.50546875 0.0234375 0.02109375
2 0.43828125 0.4875 0.0171875 0.04296875
28 0.23046875 0.32890625 0.10859375 0.01796875
3 0.509375 0.29375 0.02578125 0.0234375
30 0.58515625 0.378125 0.02734375 0.03515625
27 0.653125 0.4140625 0.03515625 0.02109375
20 0.684375 0.33828125 0.0171875 0.03125
10 0.63359375 0.18515625 0.02734375 0.04921875
28 0.77578125 0.1203125 0.09140625 0.01328125
23 0.7640625 0.290625 0.02578125 0.0296875
20 0.7546875 0.3890625 0.02578125 0.02109375
10 0.9171875 0.14453125 0.021875 0.05234375
10 0.91640625 0.30703125 0.02578125 0.046875
30 0.9140625 0.41640625 0.01796875 0.03125
3 0.87890625 0.46875 0.025 0.02109375
10 0.7734375 0.57734375 0.04296875 0.0171875
10 0.9078125 0.58125 0.0375 0.02109375
10 0.85 0.81953125 0.04140625 0.01953125
28 0.77890625 0.8203125 0.07421875 0.0171875
28 0.5609375 0.8234375 0.06953125 0.0171875
10 0.70625 0.74375 0.01796875 0.04140625
10 0.68515625 0.74765625 0.0234375 0.05234375
20 0.73671875 0.4734375 0.0296875 0.021875
23 0.62109375 0.61171875 0.0296875 0.0296875
20 0.709375 0.6609375 0.02734375 0.046875
20 0.6140625 0.67578125 0.0375 0.01953125
20 0.61328125 0.6484375 0.04453125 0.02578125
31 0.57890625 0.6515625 0.01953125 0.02109375
28 0.53984375 0.6546875 0.05625 0.0171875