22 0.659375 0.515625 0.0375 0.0453125
22 0.36328125 0.71953125 0.046875 0.0390625
22 0.1203125 0.67421875 0.0359375 0.0328125
22 0.36171875 0.56953125 0.0390625 0.03203125
22 0.253125 0.40390625 0.05078125 0.03984375
22 0.1265625 0.2 0.034375 0.0359375
21 0.88359375 0.61171875 0.02890625 0.0390625
21 0.88046875 0.5484375 0.0265625 0.04453125
21 0.88203125 0.48515625 0.03203125 0.0328125
21 0.40859375 0.31015625 0.0390625 0.034375
21 0.40234375 0.23984375 0.03984375 0.04296875
21 0.30703125 0.24140625 0.034375 0.0484375
21 0.08515625 0.4984375 0.02890625 0.04140625
21 0.13359375 0.39921875 0.03203125 0.0390625
21 0.03984375 0.39453125 0.02734375 0.0484375
30 0.93125 0.67109375 0.03046875 0.03046875
3 0.846875 0.47890625 0.01640625 0.02890625
37 0.80546875 0.38359375 0.02734375 0.04296875
37 0.80546875 0.53046875 0.025 0.04140625
20 0.80546875 0.5625 0.01640625 0.0234375
10 0.540625 0.68203125 0.0375 0.021875
10 0.4734375 0.73203125 0.0234375 0.05
23 0.58359375 0.5125 0.0265625 0.0359375
20 0.5328125 0.5453125 0.0140625 0.0359375
10 0.5109375 0.4921875 0.01953125 0.0453125
7 0.509375 0.4640625 0.025 0.021875
2 0.51484375 0.4453125 0.01796875 0.0453125
28 0.734375 0.27734375 0.11484375 0.01953125
3 0.4390625 0.240625 0.02734375 0.025
30 0.35859375 0.3296875 0.02890625 0.0375
27 0.28671875 0.3671875 0.0375 0.021875
20 0.253125 0.2875 0.01796875 0.0328125
10 0.30703125 0.12578125 0.02890625 0.05234375
28 0.1578125 0.05625 0.096875 0.0140625
23 0.16953125 0.23671875 0.02734375 0.03203125
20 0.1796875 0.34140625 0.02734375 0.021875
10 0.01015625 0.08359375 0.0203125 0.0546875
10 0.0109375 0.25390625 0.021875 0.05
30 0.0109375 0.3703125 0.01953125 0.0328125
3 0.04765625 0.42578125 0.0265625 0.021875
10 0.159375 0.540625 0.0453125 0.01796875
10 0.01875 0.54453125 0.0375 0.021875
10 0.07890625 0.79609375 0.04453125 0.02109375
28 0.15390625 0.79765625 0.07890625 0.01796875
28 0.384375 0.80078125 0.0734375 0.01796875
10 0.23046875 0.7171875 0.01953125 0.04453125
10 0.253125 0.72109375 0.025 0.05546875
20 0.1984375 0.43046875 0.03203125 0.0234375
23 0.32109375 0.5765625 0.03203125 0.03203125
20 0.22734375 0.628125 0.02890625 0.05
20 0.328125 0.64453125 0.03984375 0.02109375
20 0.32890625 0.61640625 0.046875 0.02734375
31 0.365625 0.61875 0.02109375 0.021875
28 0.40703125 0.621875 0.059375 0.01796875