22 0.8078125 0.57265625 0.053125 0.04140625
22 0.83828125 0.28515625 0.05703125 0.0390625
22 0.6796875 0.40625 0.0484375 0.03828125
22 0.234375 0.575 0.0484375 0.046875
22 0.22265625 0.2734375 0.0453125 0.0453125
22 0.5015625 0.40390625 0.03828125 0.05546875
10 0.96640625 0.66484375 0.0265625 0.0609375
10 0.96796875 0.4890625 0.02421875 0.04453125
10 0.965625 0.14140625 0.028125 0.046875
10 0.70546875 0.1484375 0.0265625 0.0453125
10 0.70234375 0.31875 0.02265625 0.0484375
20 0.728125 0.34453125 0.03046875 0.02265625
31 0.7203125 0.371875 0.03046875 0.01640625
10 0.86171875 0.4484375 0.03515625 0.025
20 0.74140625 0.475 0.03828125 0.021875
28 0.78671875 0.684375 0.08515625 0.03203125
10 0.65390625 0.62578125 0.01875 0.034375
2 0.66484375 0.596875 0.03828125 0.04140625
14 0.60546875 0.6140625 0.075 0.16953125
21 0.60546875 0.56640625 0.03671875 0.04921875
21 0.53515625 0.65078125 0.02421875 0.05078125
21 0.46796875 0.56484375 0.028125 0.046875
21 0.50234375 0.2734375 0.03515625 0.0453125
21 0.54765625 0.16640625 0.0390625 0.04921875
21 0.47265625 0.16328125 0.03671875 0.04296875
28 0.81953125 0.11640625 0.10234375 0.025
20 0.6421875 0.4484375 0.03671875 0.0203125
20 0.52109375 0.5203125 0.02890625 0.025
3 0.46484375 0.64140625 0.03203125 0.0328125
30 0.45703125 0.67890625 0.0453125 0.03671875
30 0.56484375 0.12421875 0.0546875 0.0328125
3 0.51015625 0.1953125 0.028125 0.0265625
14 0.55859375 0.278125 0.078125 0.1140625
28 0.5109375 0.34375 0.0796875 0.01640625
20 0.4171875 0.346875 0.021875 0.0328125
20 0.3875 0.26015625 0.03515625 0.02890625
10 0.3515625 0.07578125 0.02421875 0.05078125
28 0.221875 0.0421875 0.09375 0.02890625
27 0.44296875 0.44140625 0.028125 0.040625
20 0.4203125 0.53203125 0.028125 0.0390625
10 0.36015625 0.6875 0.04453125 0.0203125
28 0.21796875 0.68671875 0.11484375 0.01875
10 0.0515625 0.65390625 0.02265625 0.04453125
10 0.04765625 0.4828125 0.0140625 0.059375
10 0.2234375 0.4546875 0.04140625 0.01875
37 0.2984375 0.43203125 0.04140625 0.02421875
37 0.1234375 0.42734375 0.02890625 0.02890625
33 0.0984375 0.42421875 0.0265625 0.03046875
2 0.05390625 0.16796875 0.021875 0.03671875
7 0.05625 0.14765625 0.02890625 0.01875
10 0.0515625 0.125 0.02890625 0.03046875