22 0.815625 0.62265625 0.05859375 0.04609375
22 0.84921875 0.3078125 0.0625 0.04296875
22 0.675 0.440625 0.053125 0.04140625
22 0.1859375 0.62578125 0.053125 0.0515625
22 0.1734375 0.29453125 0.05 0.05
22 0.47890625 0.4375 0.04140625 0.0609375
10 0.9875 0.7234375 0.025 0.06640625
10 0.9890625 0.53125 0.021875 0.0484375
10 0.98671875 0.14921875 0.0265625 0.0515625
10 0.703125 0.15703125 0.02890625 0.05
10 0.7 0.34453125 0.025 0.053125
20 0.728125 0.371875 0.03359375 0.025
31 0.71953125 0.40234375 0.03359375 0.01796875
10 0.875 0.4859375 0.0390625 0.028125
20 0.74296875 0.515625 0.04140625 0.0234375
28 0.7921875 0.7453125 0.09296875 0.034375
10 0.646875 0.68125 0.02109375 0.0375
2 0.65859375 0.64921875 0.04140625 0.04609375
14 0.59375 0.66796875 0.08203125 0.1859375
21 0.59375 0.615625 0.040625 0.05390625
21 0.515625 0.70859375 0.0265625 0.05546875
21 0.44296875 0.61484375 0.03046875 0.0515625
21 0.48046875 0.29453125 0.0390625 0.05
21 0.5296875 0.17734375 0.04296875 0.05390625
21 0.44765625 0.1734375 0.040625 0.046875
28 0.828125 0.121875 0.1125 0.028125
20 0.634375 0.4859375 0.040625 0.021875
20 0.50078125 0.565625 0.03203125 0.028125
3 0.43984375 0.6984375 0.034375 0.0359375
30 0.43046875 0.73984375 0.05 0.040625
30 0.54921875 0.13046875 0.059375 0.0359375
3 0.4890625 0.209375 0.03046875 0.02890625
14 0.54140625 0.3 0.0859375 0.125
28 0.48984375 0.371875 0.0875 0.01796875
20 0.38671875 0.375 0.0234375 0.0359375
20 0.35390625 0.2796875 0.0390625 0.03203125
10 0.31484375 0.078125 0.0265625 0.05546875
28 0.171875 0.040625 0.103125 0.03203125
27 0.415625 0.47890625 0.03046875 0.04453125
20 0.390625 0.578125 0.03046875 0.04296875
10 0.32421875 0.7484375 0.0484375 0.021875
28 0.16875 0.74765625 0.1265625 0.02109375
10 0.17421875 0.49375 0.04609375 0.02109375
37 0.25625 0.46875 0.04609375 0.0265625
37 0.06484375 0.46328125 0.03203125 0.03203125
33 0.03671875 0.459375 0.02890625 0.03359375
7 0.00390625 0.15703125 0.0078125 0.0203125