35 0.25234375 0.7828125 0.17109375 0.06171875
21 0.1234375 0.67734375 0.03046875 0.0375
21 0.25390625 0.67265625 0.04609375 0.04765625
21 0.38828125 0.67890625 0.04765625 0.040625
21 0.128125 0.5171875 0.04609375 0.04453125
21 0.25234375 0.5203125 0.05625 0.03515625
21 0.38125 0.515625 0.0421875 0.06171875
21 0.55078125 0.67734375 0.0375 0.04609375
21 0.5515625 0.5859375 0.0421875 0.0515625
21 0.57109375 0.47890625 0.03671875 0.053125
22 0.859375 0.5453125 0.04609375 0.04921875
21 0.8546875 0.18828125 0.0546875 0.04375
21 0.54453125 0.25234375 0.0421875 0.05078125
21 0.21640625 0.25234375 0.0375 0.04765625
28 0.19921875 0.41171875 0.08671875 0.02265625
10 0.059375 0.375 0.0234375 0.04453125
10 0.09296875 0.0984375 0.0578125 0.02109375
10 0.3421875 0.13359375 0.0296875 0.0375
20 0.33984375 0.30234375 0.01796875 0.03671875
10 0.365625 0.28515625 0.0140625 0.03515625
33 0.371875 0.26015625 0.0296875 0.0234375
2 0.36953125 0.23984375 0.028125 0.02265625
38 0.365625 0.20625 0.01953125 0.04453125
20 0.47421875 0.1015625 0.02109375 0.02109375
20 0.49453125 0.1015625 0.0171875 0.02109375
0 0.50859375 0.10078125 0.0171875 0.01953125
12 0.678125 0.02421875 0.01875 0.0484375
13 0.64375 0.04453125 0.0265625 0.0421875
28 0.61796875 0.134375 0.0265625 0.0703125
8 0.6234375 0.13359375 0.02265625 0.0578125
10 0.68828125 0.0984375 0.04375 0.01796875
28 0.85703125 0.01171875 0.17109375 0.02109375
4 0.48203125 0.6375 0.0390625 0.0421875
28 0.6796875 0.56796875 0.0234375 0.08515625
37 0.68359375 0.68125 0.03046875 0.04375
10 0.7078125 0.7640625 0.03515625 0.0265625
13 0.66796875 0.77421875 0.03046875 0.0390625
25 0.62578125 0.7734375 0.0390625 0.03515625
27 0.615625 0.36015625 0.0296875 0.02265625
31 0.61875 0.38046875 0.02265625 0.02109375
20 0.6546875 0.40546875 0.0265625 0.0234375
20 0.48984375 0.40859375 0.03046875 0.02265625
20 0.375 0.43359375 0.0265625 0.02109375
28 0.58515625 0.52578125 0.0640625 0.02109375
3 0.61875 0.47421875 0.028125 0.03203125
29 0.203125 0.446875 0.0390625 0.03046875
37 0.25625 0.43671875 0.03359375 0.02265625
26 0.28046875 0.43828125 0.025 0.03046875
37 0.15234375 0.43671875 0.028125 0.02265625
18 0.125 0.4359375 0.0265625 0.02109375
17 0.06640625 0.67890625 0.03203125 0.03515625
37 0.0671875 0.7125 0.03671875 0.03046875
39 0.2015625 0.7046875 0.025 0.025
10 0.29375 0.7328125 0.04453125 0.0140625
27 0.4234375 0.74921875 0.0234375 0.03046875
20 0.42421875 0.778125 0.02265625 0.0296875
7 0.42265625 0.99609375 0.0296875 0.0078125
10 0.42421875 0.9765625 0.025 0.028125
20 0.46484375 0.71875 0.03046875 0.028125
10 0.65078125 0.63125 0.0296875 0.04609375