35 0.23203125 0.26953125 0.16328125 0.05859375
21 0.10859375 0.3703125 0.0296875 0.0359375
21 0.23359375 0.375 0.04453125 0.0453125
21 0.36171875 0.36953125 0.0453125 0.0390625
21 0.11328125 0.52421875 0.04453125 0.04296875
21 0.23203125 0.52109375 0.05390625 0.03359375
21 0.35546875 0.52578125 0.03984375 0.05859375
21 0.51796875 0.3703125 0.0359375 0.04453125
21 0.51875 0.4578125 0.03984375 0.04921875
21 0.5375 0.56015625 0.03515625 0.05078125
22 0.81328125 0.496875 0.04453125 0.046875
21 0.80859375 0.83828125 0.05234375 0.04140625
21 0.51171875 0.77734375 0.03984375 0.0484375
21 0.19765625 0.77734375 0.0359375 0.0453125
28 0.18125 0.625 0.0828125 0.02109375
10 0.04765625 0.659375 0.02265625 0.04296875
10 0.0796875 0.92421875 0.0546875 0.0203125
10 0.31875 0.890625 0.028125 0.0359375
20 0.315625 0.72890625 0.0171875 0.03515625
10 0.340625 0.74609375 0.01328125 0.03359375
33 0.346875 0.7703125 0.028125 0.02265625
2 0.34453125 0.78984375 0.0265625 0.02109375
38 0.340625 0.821875 0.01875 0.04296875
20 0.44453125 0.921875 0.0203125 0.0203125
20 0.4640625 0.921875 0.01640625 0.0203125
0 0.47734375 0.921875 0.01640625 0.01875
12 0.63984375 0.98671875 0.0171875 0.0265625
13 0.60625 0.97578125 0.02578125 0.03984375
28 0.5828125 0.88984375 0.02578125 0.0671875
8 0.5875 0.890625 0.02109375 0.0546875
10 0.64921875 0.92421875 0.04140625 0.0171875
10 0.98984375 0.9046875 0.01484375 0.0375
10 0.990625 0.75703125 0.01328125 0.0390625
10 0.98671875 0.39765625 0.02421875 0.0359375
7 0.984375 0.37109375 0.02578125 0.02421875
2 0.98203125 0.34140625 0.03359375 0.02578125
4 0.4515625 0.40859375 0.0375 0.03984375
28 0.64140625 0.475 0.02265625 0.08203125
37 0.64453125 0.36640625 0.0296875 0.04140625
10 0.66796875 0.2875 0.03359375 0.02578125
13 0.6296875 0.27734375 0.0296875 0.0375
25 0.58984375 0.278125 0.0375 0.03359375
27 0.5796875 0.67421875 0.028125 0.02109375
31 0.5828125 0.6546875 0.02109375 0.0203125
20 0.6171875 0.63046875 0.02578125 0.02265625
20 0.46015625 0.62734375 0.0296875 0.02109375
20 0.34921875 0.60390625 0.02578125 0.0203125
28 0.55078125 0.515625 0.06171875 0.0203125
3 0.5828125 0.56484375 0.0265625 0.03046875
29 0.18515625 0.59140625 0.0375 0.0296875
37 0.2359375 0.60078125 0.03203125 0.02109375
26 0.25859375 0.59921875 0.02421875 0.0296875
37 0.13671875 0.60078125 0.0265625 0.02109375
18 0.1109375 0.6015625 0.02578125 0.0203125
17 0.05390625 0.36953125 0.03046875 0.03359375
37 0.0546875 0.33671875 0.03515625 0.0296875
39 0.18359375 0.34453125 0.02421875 0.02421875
10 0.271875 0.31796875 0.04296875 0.01328125
27 0.39609375 0.3015625 0.02265625 0.0296875
20 0.396875 0.27421875 0.02109375 0.028125
10 0.0921875 0.0390625 0.0390625 0.01875
2 0.3984375 0.040625 0.028125 0.0171875
7 0.39609375 0.059375 0.028125 0.0203125
10 0.396875 0.084375 0.02421875 0.0265625
20 0.4359375 0.33125 0.0296875 0.0265625
10 0.61328125 0.41484375 0.028125 0.04453125