22 0.49296875 0.2703125 0.04296875 0.04921875
22 0.2296875 0.546875 0.04375 0.04296875
22 0.22578125 0.20703125 0.03359375 0.03984375
22 0.7625 0.2703125 0.0375 0.034375
21 0.8421875 0.66875 0.028125 0.04140625
21 0.734375 0.6703125 0.0359375 0.04375
21 0.62265625 0.66796875 0.04296875 0.0453125
21 0.48828125 0.675 0.034375 0.046875
21 0.84296875 0.5203125 0.0296875 0.04296875
21 0.7328125 0.515625 0.0359375 0.04765625
21 0.625 0.5140625 0.034375 0.05234375
21 0.484375 0.5828125 0.0296875 0.0453125
21 0.46171875 0.4828125 0.034375 0.0453125
35 0.73046875 0.7703125 0.125 0.05625
10 0.85703125 0.99609375 0.0453125 0.0078125
10 0.58984375 0.95546875 0.02265625 0.028125
7 0.59453125 0.97890625 0.0296875 0.02421875
2 0.6 0.99375 0.0453125 0.01171875
20 0.58984375 0.76640625 0.025 0.0296875
27 0.58984375 0.73671875 0.0203125 0.025
10 0.69765625 0.725 0.0265625 0.015625
17 0.89375 0.67265625 0.02265625 0.03046875
37 0.89140625 0.703125 0.025 0.03046875
4 0.540625 0.63203125 0.03046875 0.034375
18 0.840625 0.44296875 0.025 0.025
37 0.81875 0.43984375 0.02109375 0.02109375
29 0.7765625 0.45078125 0.03359375 0.03203125
37 0.73125 0.44296875 0.025 0.02421875
26 0.71015625 0.44375 0.02265625 0.02421875
16 0.93046875 0.34765625 0.0109375 0.05703125
10 0.89765625 0.38203125 0.015625 0.0359375
10 0.86953125 0.12109375 0.0375 0.01875
10 0.66015625 0.15859375 0.01328125 0.0453125
38 0.64140625 0.225 0.015625 0.05078125
2 0.63359375 0.25546875 0.0375 0.0203125
33 0.63359375 0.2734375 0.0296875 0.01875
10 0.6359375 0.29765625 0.01875 0.03359375
20 0.66328125 0.321875 0.0171875 0.028125
20 0.55078125 0.12578125 0.02109375 0.0203125
20 0.534375 0.128125 0.01171875 0.0265625
31 0.52421875 0.125 0.01328125 0.0203125
0 0.51015625 0.125 0.0171875 0.02421875
28 0.42421875 0.15703125 0.015625 0.06953125
8 0.421875 0.15703125 0.01171875 0.04296875
10 0.3703125 0.12265625 0.0296875 0.015625
13 0.4046875 0.071875 0.03046875 0.03984375
12 0.37890625 0.04609375 0.01328125 0.0546875
28 0.22578125 0.040625 0.1375 0.0171875
10 0.0703125 0.14609375 0.01484375 0.03828125
16 0.0375 0.290625 0.0109375 0.0453125
20 0.63359375 0.44140625 0.02421875 0.01875
20 0.5546875 0.70703125 0.02421875 0.02265625
25 0.42109375 0.759375 0.03203125 0.03046875
13 0.384375 0.7640625 0.03203125 0.0375
10 0.34921875 0.7546875 0.03203125 0.02109375
24 0.0796875 0.75390625 0.03203125 0.02265625
20 0.53515625 0.4125 0.02265625 0.025
28 0.45546875 0.52890625 0.04921875 0.0171875
3 0.4265625 0.478125 0.01875 0.028125
10 0.39765625 0.628125 0.01328125 0.034375
37 0.371875 0.67734375 0.02421875 0.0375
28 0.375 0.571875 0.02421875 0.07734375
10 0.0703125 0.6421875 0.01171875 0.03359375
7 0.07734375 0.66953125 0.02421875 0.02421875
2 0.078125 0.69921875 0.028125 0.025
31 0.42578125 0.39140625 0.0203125 0.02265625
27 0.42890625 0.37109375 0.02265625 0.025
20 0.39765625 0.41484375 0.025 0.02109375