22 0.50546875 0.2015625 0.04375 0.05078125
22 0.775 0.48515625 0.0453125 0.04375
22 0.7796875 0.13671875 0.034375 0.040625
22 0.2296875 0.20234375 0.03828125 0.03515625
21 0.1484375 0.61015625 0.02890625 0.0421875
21 0.25859375 0.61171875 0.03671875 0.0453125
21 0.37265625 0.609375 0.04375 0.04609375
21 0.5109375 0.6171875 0.03515625 0.04765625
21 0.14765625 0.4578125 0.0296875 0.04375
21 0.26015625 0.45390625 0.03671875 0.04921875
21 0.3703125 0.4515625 0.03515625 0.053125
21 0.51484375 0.521875 0.0296875 0.04609375
21 0.53828125 0.41953125 0.03515625 0.04609375
35 0.2625 0.71484375 0.128125 0.05703125
10 0.1328125 0.95078125 0.04609375 0.01875
24 0.13359375 0.98984375 0.02734375 0.01796875
10 0.40625 0.90390625 0.0234375 0.02890625
7 0.4015625 0.92734375 0.0296875 0.02421875
2 0.39609375 0.946875 0.04609375 0.01875
20 0.40625 0.71015625 0.02578125 0.0296875
27 0.40625 0.6796875 0.0203125 0.02578125
10 0.29609375 0.66796875 0.02734375 0.01640625
17 0.0953125 0.6140625 0.0234375 0.03125
37 0.09765625 0.6453125 0.02578125 0.03125
4 0.45703125 0.57265625 0.03125 0.03515625
18 0.14921875 0.37890625 0.02578125 0.02578125
37 0.171875 0.37578125 0.021875 0.021875
29 0.21484375 0.38671875 0.034375 0.0328125
37 0.26171875 0.378125 0.02578125 0.02421875
26 0.28359375 0.3796875 0.0234375 0.02421875
16 0.05703125 0.28046875 0.0109375 0.05859375
10 0.09140625 0.31640625 0.01640625 0.03671875
10 0.1203125 0.04921875 0.03828125 0.01875
10 0.334375 0.0875 0.01328125 0.04609375
38 0.35390625 0.15546875 0.01640625 0.0515625
2 0.36171875 0.18671875 0.03828125 0.0203125
33 0.36171875 0.2046875 0.0296875 0.01875
10 0.359375 0.23046875 0.01875 0.034375
20 0.33125 0.2546875 0.01796875 0.02890625
20 0.446875 0.05390625 0.021875 0.0203125
20 0.4640625 0.05625 0.0125 0.02734375
31 0.47421875 0.05234375 0.01328125 0.0203125
0 0.48828125 0.053125 0.01796875 0.02421875
28 0.5765625 0.0859375 0.01640625 0.07109375
8 0.57890625 0.0859375 0.0125 0.04375
10 0.63125 0.05078125 0.0296875 0.01640625
13 0.59609375 0.009375 0.03125 0.01875
10 0.9390625 0.07421875 0.01484375 0.03984375
16 0.97265625 0.22265625 0.0109375 0.04609375
20 0.36171875 0.37734375 0.02421875 0.01875
20 0.44296875 0.64921875 0.02421875 0.0234375
25 0.57890625 0.703125 0.0328125 0.03125
13 0.6171875 0.7078125 0.0328125 0.03828125
10 0.653125 0.6984375 0.0328125 0.021875
24 0.92890625 0.69765625 0.0328125 0.0234375
20 0.4625 0.34765625 0.0234375 0.02578125
28 0.54453125 0.46640625 0.05078125 0.01796875
3 0.5734375 0.41484375 0.01875 0.02890625
10 0.60390625 0.56796875 0.01328125 0.03515625
37 0.6296875 0.61875 0.02421875 0.03828125
28 0.62734375 0.5109375 0.02421875 0.07890625
10 0.9390625 0.5828125 0.0125 0.034375
7 0.93203125 0.6109375 0.02421875 0.02421875
2 0.93125 0.64140625 0.02890625 0.02578125
31 0.57421875 0.32578125 0.0203125 0.0234375
27 0.571875 0.30546875 0.0234375 0.02578125
20 0.603125 0.35 0.02578125 0.021875