22 0.51953125 0.215625 0.04453125 0.0515625
22 0.79375 0.50390625 0.04609375 0.04453125
22 0.79765625 0.15 0.034375 0.04140625
22 0.2390625 0.21640625 0.0390625 0.0359375
21 0.15625 0.63125 0.02890625 0.04296875
21 0.26875 0.6328125 0.0375 0.04609375
21 0.384375 0.63046875 0.04453125 0.046875
21 0.525 0.63828125 0.0359375 0.0484375
21 0.15546875 0.4765625 0.03046875 0.04453125
21 0.2703125 0.471875 0.0375 0.05
21 0.38203125 0.4703125 0.0359375 0.05390625
21 0.52890625 0.54140625 0.03046875 0.046875
21 0.553125 0.4375 0.0359375 0.046875
35 0.271875 0.7375 0.13046875 0.05859375
10 0.140625 0.978125 0.046875 0.01953125
10 0.41875 0.9296875 0.0234375 0.02890625
7 0.4140625 0.95390625 0.03046875 0.025
2 0.40859375 0.9734375 0.046875 0.01953125
20 0.41875 0.73359375 0.0265625 0.03046875
27 0.41875 0.70234375 0.02109375 0.0265625
10 0.30703125 0.690625 0.028125 0.01640625
17 0.10234375 0.63515625 0.0234375 0.03203125
37 0.1046875 0.6671875 0.0265625 0.03203125
4 0.4703125 0.59296875 0.03203125 0.0359375
18 0.1578125 0.396875 0.0265625 0.0265625
37 0.18046875 0.39296875 0.021875 0.021875
29 0.22421875 0.40390625 0.034375 0.03359375
37 0.271875 0.39609375 0.0265625 0.025
26 0.29375 0.396875 0.0234375 0.025
16 0.0640625 0.296875 0.0109375 0.059375
10 0.0984375 0.3328125 0.01640625 0.0375
10 0.128125 0.0609375 0.0390625 0.01953125
10 0.34609375 0.1 0.0140625 0.046875
38 0.365625 0.16953125 0.01640625 0.053125
2 0.3734375 0.20078125 0.0390625 0.02109375
33 0.3734375 0.21953125 0.03046875 0.01953125
10 0.37109375 0.2453125 0.01953125 0.034375
20 0.3421875 0.2703125 0.01796875 0.02890625
20 0.459375 0.065625 0.021875 0.02109375
20 0.47734375 0.06796875 0.0125 0.028125
31 0.4875 0.06484375 0.0140625 0.02109375
0 0.50234375 0.065625 0.01796875 0.025
28 0.59140625 0.0984375 0.01640625 0.071875
8 0.59375 0.0984375 0.0125 0.04453125
10 0.646875 0.0625 0.03046875 0.01640625
13 0.61171875 0.015625 0.03203125 0.03046875
10 0.96015625 0.08671875 0.015625 0.040625
16 0.99453125 0.2375 0.0109375 0.046875
20 0.3734375 0.39453125 0.025 0.01953125
20 0.45546875 0.671875 0.025 0.0234375
25 0.59453125 0.72578125 0.03359375 0.03203125
13 0.63359375 0.73046875 0.03359375 0.0390625
10 0.66953125 0.72109375 0.03359375 0.021875
24 0.95 0.7203125 0.03359375 0.0234375
20 0.47578125 0.36484375 0.0234375 0.0265625
28 0.559375 0.48515625 0.0515625 0.01796875
3 0.5890625 0.4328125 0.01953125 0.02890625
10 0.61953125 0.5890625 0.0140625 0.0359375
37 0.64609375 0.640625 0.025 0.0390625
28 0.64296875 0.53046875 0.025 0.08046875
10 0.96015625 0.603125 0.0125 0.034375
7 0.953125 0.63203125 0.025 0.025
2 0.95234375 0.66328125 0.02890625 0.0265625
31 0.58984375 0.3421875 0.02109375 0.0234375
27 0.58671875 0.321875 0.0234375 0.0265625
20 0.61875 0.36640625 0.0265625 0.021875