22 0.18671875 0.33203125 0.0484375 0.04296875
22 0.4078125 0.28203125 0.04453125 0.03671875
22 0.6796875 0.48046875 0.03828125 0.03203125
22 0.40546875 0.42421875 0.02890625 0.034375
22 0.30625 0.584375 0.0421875 0.0421875
22 0.19375 0.76796875 0.028125 0.03203125
21 0.146875 0.48828125 0.03203125 0.03203125
21 0.10625 0.58984375 0.03671875 0.03671875
21 0.18984375 0.58671875 0.03203125 0.0359375
21 0.353125 0.73671875 0.0421875 0.03828125
21 0.44140625 0.73203125 0.028125 0.046875
21 0.88515625 0.3890625 0.034375 0.04609375
21 0.88203125 0.4453125 0.02890625 0.0328125
21 0.8875 0.5046875 0.0265625 0.0390625
28 0.21484375 0.21328125 0.0609375 0.02421875
28 0.4265625 0.2125 0.0609375 0.01796875
10 0.14609375 0.2125 0.04609375 0.0203125
10 0.5078125 0.275 0.0203125 0.04609375
10 0.303125 0.28671875 0.02421875 0.03671875
10 0.2796875 0.2890625 0.02578125 0.04296875
2 0.309375 0.25859375 0.03046875 0.02265625
20 0.2859375 0.3703125 0.015625 0.03046875
10 0.08828125 0.44609375 0.0390625 0.021875
10 0.21796875 0.4484375 0.0390625 0.01640625
14 0.1625 0.4890625 0.14609375 0.06484375
3 0.1203125 0.55546875 0.02890625 0.0265625
10 0.0796875 0.71953125 0.02421875 0.046875
10 0.07890625 0.86796875 0.02578125 0.04296875
28 0.2171875 0.90546875 0.09140625 0.0140625
10 0.35546875 0.8390625 0.0140625 0.06015625
20 0.23828125 0.63984375 0.0265625 0.01796875
20 0.2578125 0.55625 0.02421875 0.02265625
23 0.23125 0.73359375 0.03203125 0.03203125
14 0.353125 0.66640625 0.08046875 0.08671875
20 0.30625 0.68828125 0.01640625 0.028125
30 0.08203125 0.609375 0.02421875 0.0328125
3 0.4828125 0.7296875 0.02421875 0.021875
30 0.40703125 0.6421875 0.03828125 0.021875
27 0.340625 0.615625 0.03046875 0.01796875
20 0.3765625 0.38046875 0.03046875 0.01796875
23 0.36796875 0.4171875 0.0328125 0.0359375
31 0.40859375 0.37890625 0.028125 0.0203125
28 0.44921875 0.38203125 0.06328125 0.02265625
20 0.37578125 0.3578125 0.02421875 0.02578125
21 0.45 0.66640625 0.0265625 0.03828125
10 0.575 0.321875 0.03828125 0.0203125
20 0.56640625 0.45 0.021875 0.0328125
23 0.6140625 0.475 0.03203125 0.034375
10 0.54453125 0.4984375 0.02265625 0.03671875
7 0.54375 0.521875 0.02421875 0.01875
2 0.54609375 0.53984375 0.0203125 0.021875
28 0.75078125 0.7 0.1046875 0.015625
37 0.8140625 0.59609375 0.0203125 0.046875
37 0.81328125 0.4609375 0.02578125 0.03203125
33 0.81640625 0.434375 0.0265625 0.01875
20 0.8171875 0.43359375 0.0140625 0.02421875
3 0.85390625 0.509375 0.0203125 0.021875
30 0.9296875 0.33359375 0.028125 0.02265625
14 0.878125 0.56171875 0.1078125 0.07265625