22 0.15859375 0.32265625 0.05 0.04453125
22 0.38671875 0.27109375 0.04609375 0.03828125
22 0.66640625 0.47578125 0.0390625 0.0328125
22 0.38359375 0.41796875 0.03046875 0.03515625
22 0.28125 0.58359375 0.04296875 0.04296875
22 0.165625 0.77265625 0.02890625 0.0328125
21 0.1171875 0.48359375 0.0328125 0.0328125
21 0.07578125 0.58828125 0.03828125 0.03828125
21 0.16171875 0.58515625 0.0328125 0.03671875
21 0.3296875 0.73984375 0.04296875 0.0390625
21 0.42109375 0.7359375 0.02890625 0.0484375
21 0.87890625 0.38203125 0.03515625 0.046875
21 0.87578125 0.43984375 0.03046875 0.034375
21 0.88125 0.50078125 0.02734375 0.040625
28 0.1875 0.2 0.06328125 0.025
28 0.40546875 0.19921875 0.06328125 0.01875
10 0.1171875 0.19921875 0.046875 0.02109375
10 0.48984375 0.2640625 0.02109375 0.046875
10 0.27890625 0.2765625 0.025 0.03828125
10 0.2546875 0.278125 0.0265625 0.04453125
2 0.28515625 0.246875 0.03125 0.0234375
20 0.2609375 0.3625 0.015625 0.03125
10 0.05703125 0.440625 0.040625 0.02265625
10 0.190625 0.44296875 0.040625 0.0171875
14 0.1328125 0.48515625 0.15078125 0.0671875
3 0.08984375 0.553125 0.03046875 0.02734375
10 0.04765625 0.72265625 0.025 0.0484375
10 0.046875 0.875 0.0265625 0.04453125
28 0.190625 0.9140625 0.09453125 0.0140625
10 0.3328125 0.84609375 0.0140625 0.06171875
20 0.21171875 0.640625 0.02734375 0.01875
20 0.23125 0.55390625 0.025 0.0234375
23 0.20390625 0.73671875 0.0328125 0.0328125
14 0.3296875 0.66796875 0.0828125 0.0890625
20 0.28125 0.690625 0.0171875 0.02890625
30 0.05078125 0.60859375 0.025 0.034375
3 0.4640625 0.7328125 0.025 0.02265625
30 0.3859375 0.6421875 0.0390625 0.02265625
27 0.31796875 0.615625 0.03125 0.01875
20 0.3546875 0.37265625 0.03125 0.01875
23 0.3453125 0.4109375 0.034375 0.03671875
31 0.3875 0.37109375 0.02890625 0.02109375
28 0.42890625 0.37421875 0.065625 0.0234375
20 0.35390625 0.34921875 0.025 0.0265625
21 0.4296875 0.66796875 0.02734375 0.0390625
10 0.559375 0.3125 0.0390625 0.02109375
20 0.55078125 0.44453125 0.02265625 0.034375
23 0.59921875 0.4703125 0.0328125 0.03515625
10 0.52734375 0.49375 0.0234375 0.03828125
7 0.5265625 0.51875 0.025 0.01953125
2 0.52890625 0.5375 0.02109375 0.02265625
28 0.73984375 0.70234375 0.1078125 0.015625
37 0.80546875 0.5953125 0.02109375 0.0484375
37 0.8046875 0.45625 0.0265625 0.0328125
33 0.8078125 0.428125 0.02734375 0.01953125
20 0.809375 0.42734375 0.0140625 0.025
3 0.84609375 0.50625 0.02109375 0.02265625
30 0.925 0.32421875 0.02890625 0.0234375
14 0.871875 0.559375 0.11171875 0.075