22 0.8296875 0.66796875 0.04921875 0.04375
22 0.60546875 0.71875 0.0453125 0.0375
22 0.3296875 0.5171875 0.0390625 0.03203125
22 0.6078125 0.57421875 0.0296875 0.03515625
22 0.70859375 0.41171875 0.04296875 0.04296875
22 0.82265625 0.22578125 0.028125 0.03203125
21 0.8703125 0.509375 0.03203125 0.03203125
21 0.91171875 0.40625 0.0375 0.0375
21 0.8265625 0.409375 0.03203125 0.0359375
21 0.6609375 0.25703125 0.04296875 0.0390625
21 0.57109375 0.26171875 0.028125 0.04765625
21 0.12109375 0.61015625 0.03515625 0.046875
21 0.1234375 0.553125 0.0296875 0.03359375
21 0.11796875 0.49296875 0.02734375 0.03984375
28 0.80078125 0.7890625 0.06171875 0.02421875
28 0.58671875 0.7890625 0.06171875 0.01796875
10 0.87109375 0.7890625 0.046875 0.0203125
10 0.50390625 0.72578125 0.0203125 0.046875
10 0.7109375 0.7140625 0.02421875 0.0375
10 0.73515625 0.71171875 0.02578125 0.04375
2 0.70546875 0.74296875 0.03125 0.0234375
20 0.72890625 0.62890625 0.015625 0.03125
10 0.9296875 0.55234375 0.03984375 0.021875
10 0.79765625 0.55 0.03984375 0.01640625
14 0.8546875 0.50859375 0.1484375 0.065625
3 0.89765625 0.44140625 0.0296875 0.02734375
10 0.93828125 0.27421875 0.02421875 0.04765625
10 0.9390625 0.12421875 0.02578125 0.04375
28 0.7984375 0.0859375 0.09296875 0.0140625
10 0.65859375 0.153125 0.0140625 0.0609375
20 0.77734375 0.35546875 0.02734375 0.01796875
20 0.7578125 0.440625 0.02421875 0.0234375
23 0.78515625 0.26015625 0.03203125 0.03203125
14 0.6609375 0.328125 0.08125 0.0875
20 0.70859375 0.30625 0.01640625 0.028125
30 0.9359375 0.3859375 0.02421875 0.03359375
3 0.52890625 0.2640625 0.02421875 0.021875
30 0.60625 0.353125 0.0390625 0.021875
27 0.6734375 0.3796875 0.03125 0.01796875
20 0.63671875 0.61875 0.03125 0.01796875
23 0.64609375 0.58125 0.03359375 0.0359375
31 0.6046875 0.6203125 0.028125 0.0203125
28 0.56328125 0.6171875 0.06484375 0.0234375
20 0.6375 0.6421875 0.02421875 0.02578125
21 0.5625 0.328125 0.02734375 0.0390625
10 0.43515625 0.678125 0.0390625 0.0203125
20 0.44375 0.54765625 0.021875 0.03359375
23 0.39609375 0.52265625 0.03203125 0.03515625
10 0.46640625 0.49921875 0.0234375 0.0375
7 0.4671875 0.475 0.02421875 0.01953125
2 0.46484375 0.45703125 0.0203125 0.021875
28 0.25703125 0.29453125 0.10625 0.015625
37 0.1921875 0.4 0.0203125 0.04765625
37 0.19375 0.53671875 0.02578125 0.03203125
33 0.190625 0.5640625 0.02734375 0.01953125
20 0.1890625 0.565625 0.0140625 0.02421875
3 0.15234375 0.4875 0.0203125 0.021875
30 0.075 0.66640625 0.028125 0.0234375
14 0.12734375 0.434375 0.11015625 0.0734375