36 0.671875 0.5796875 0.03984375 0.16171875
36 0.87890625 0.575 0.03359375 0.1578125
24 0.77421875 0.3421875 0.0296875 0.021875
20 0.5671875 0.37890625 0.021875 0.01953125
12 0.5609375 0.30234375 0.009375 0.04765625
13 0.70390625 0.825 0.03203125 0.03359375
13 0.7015625 0.77890625 0.03359375 0.01796875
20 0.59453125 0.77734375 0.0296875 0.02421875
25 0.17578125 0.965625 0.034375 0.03203125
22 0.22578125 0.2859375 0.02734375 0.0421875
22 0.425 0.42421875 0.0375 0.04375
22 0.47578125 0.17265625 0.028125 0.034375
22 0.246875 0.87265625 0.028125 0.04140625
22 0.13203125 0.86796875 0.028125 0.04765625
22 0.13203125 0.76875 0.028125 0.04609375
22 0.24921875 0.7703125 0.03359375 0.03203125
22 0.3640625 0.76796875 0.03203125 0.034375
22 0.4796875 0.7734375 0.028125 0.04375
22 0.13203125 0.67265625 0.028125 0.034375
22 0.2484375 0.67109375 0.03046875 0.04921875
22 0.3640625 0.6734375 0.03203125 0.04375
22 0.4828125 0.6734375 0.0296875 0.0515625
22 0.12578125 0.55625 0.028125 0.03359375
22 0.20625 0.55546875 0.034375 0.03046875
22 0.31796875 0.5625 0.03203125 0.034375
16 0.0484375 0.15625 0.01640625 0.05
28 0.22578125 0.03828125 0.078125 0.01171875
10 0.33515625 0.11015625 0.0421875 0.0125
7 0.0828125 0.12109375 0.021875 0.01640625
2 0.08359375 0.13828125 0.0203125 0.01640625
10 0.08359375 0.1625 0.0203125 0.03203125
37 0.3671875 0.32421875 0.021875 0.0359375
33 0.36875 0.353125 0.01796875 0.02578125
20 0.3671875 0.40546875 0.01640625 0.02734375
10 0.11015625 0.4640625 0.03828125 0.0203125
28 0.16640625 0.4625 0.05234375 0.0125
10 0.23671875 0.48046875 0.0359375 0.01796875
4 0.1609375 0.5625 0.021875 0.02734375
3 0.29765625 0.53828125 0.01640625 0.0203125
28 0.34765625 0.515625 0.0421875 0.0125
13 0.034375 0.62109375 0.03359375 0.03046875
28 0.128125 0.61015625 0.065625 0.015625
20 0.171875 0.60703125 0.02734375 0.021875
20 0.16640625 0.63046875 0.021875 0.01640625
20 0.39296875 0.59765625 0.01953125 0.02578125
20 0.37421875 0.62890625 0.01796875 0.01640625
27 0.35703125 0.63203125 0.01953125 0.01640625
7 0.33125 0.63046875 0.0203125 0.01640625
10 0.30703125 0.63046875 0.03046875 0.0140625
10 0.0828125 0.7375 0.02734375 0.034375
26 0.08515625 0.76328125 0.0234375 0.0203125
29 0.08359375 0.7984375 0.0203125 0.028125
18 0.08125 0.840625 0.021875 0.01796875
17 0.08203125 0.86015625 0.01796875 0.01953125
37 0.084375 0.9015625 0.02734375 0.03203125
10 0.21953125 0.81328125 0.0375 0.0234375
39 0.16953125 0.903125 0.015625 0.01640625
4 0.18828125 0.875 0.02734375 0.0203125
37 0.259375 0.91484375 0.0421875 0.02578125
20 0.296875 0.91484375 0.0234375 0.015625
10 0.2734375 0.953125 0.0375 0.0140625
13 0.2734375 0.9625 0.01953125 0.03359375
10 0.53203125 0.7484375 0.0125 0.04375
38 0.53046875 0.590625 0.0125 0.0421875
10 0.5296875 0.55078125 0.01796875 0.034375
33 0.52890625 0.528125 0.021875 0.01796875
2 0.52734375 0.50703125 0.01953125 0.02421875
23 0.42421875 0.46484375 0.0234375 0.0296875
23 0.39296875 0.50078125 0.01953125 0.02421875
31 0.38984375 0.37734375 0.015625 0.021875
28 0.390625 0.328125 0.015625 0.065625
0 0.39296875 0.2484375 0.01796875 0.01953125
15 0.41171875 0.2484375 0.01953125 0.015625
20 0.43125 0.24765625 0.01640625 0.0140625
8 0.53125 0.3015625 0.0140625 0.03984375