36 0.3203125 0.4140625 0.040625 0.16328125
36 0.11015625 0.41875 0.03359375 0.159375
24 0.21640625 0.65390625 0.0296875 0.021875
20 0.425 0.6171875 0.021875 0.01953125
12 0.43203125 0.69453125 0.009375 0.0484375
13 0.2875 0.16640625 0.0328125 0.03359375
13 0.28984375 0.21328125 0.03359375 0.01796875
20 0.3984375 0.21484375 0.0296875 0.025
25 0.82109375 0.02421875 0.03515625 0.0328125
22 0.77109375 0.7109375 0.02734375 0.04296875
22 0.56953125 0.57109375 0.0375 0.04453125
22 0.51796875 0.825 0.02890625 0.03515625
22 0.74921875 0.11796875 0.02890625 0.04140625
22 0.86484375 0.12265625 0.02890625 0.0484375
22 0.86484375 0.2234375 0.02890625 0.046875
22 0.746875 0.22109375 0.03359375 0.0328125
22 0.63046875 0.22421875 0.0328125 0.03515625
22 0.5140625 0.21796875 0.02890625 0.04453125
22 0.86484375 0.3203125 0.02890625 0.03515625
22 0.7484375 0.321875 0.03125 0.04921875
22 0.63046875 0.31953125 0.0328125 0.04453125
22 0.5109375 0.31953125 0.0296875 0.0515625
22 0.87109375 0.4375 0.02890625 0.03359375
22 0.790625 0.4390625 0.03515625 0.03125
22 0.67734375 0.43203125 0.0328125 0.03515625
16 0.95 0.8421875 0.0171875 0.05078125
28 0.77109375 0.96171875 0.07890625 0.01171875
10 0.66015625 0.88828125 0.04296875 0.01328125
7 0.91484375 0.87734375 0.021875 0.0171875
2 0.9140625 0.86015625 0.02109375 0.0171875
10 0.9140625 0.8359375 0.02109375 0.0328125
37 0.628125 0.67265625 0.021875 0.03671875
33 0.62578125 0.64296875 0.01796875 0.02578125
20 0.628125 0.590625 0.0171875 0.02734375
10 0.88671875 0.53125 0.0390625 0.02109375
28 0.83046875 0.5328125 0.053125 0.01328125
10 0.759375 0.5140625 0.03671875 0.01796875
4 0.8359375 0.43203125 0.021875 0.02734375
3 0.6984375 0.45546875 0.0171875 0.02109375
28 0.64765625 0.47890625 0.04296875 0.01328125
13 0.96328125 0.37265625 0.03359375 0.03125
28 0.86953125 0.3828125 0.06640625 0.015625
20 0.825 0.38671875 0.02734375 0.021875
20 0.83046875 0.36328125 0.021875 0.0171875
20 0.6015625 0.39609375 0.01953125 0.02578125
20 0.62109375 0.3640625 0.01796875 0.0171875
27 0.63828125 0.36171875 0.01953125 0.0171875
7 0.66328125 0.36328125 0.02109375 0.0171875
10 0.68828125 0.36328125 0.03125 0.0140625
10 0.91484375 0.25546875 0.02734375 0.03515625
26 0.91328125 0.22890625 0.0234375 0.02109375
29 0.9140625 0.19375 0.02109375 0.02890625
18 0.91640625 0.15078125 0.021875 0.01796875
17 0.915625 0.13046875 0.01796875 0.01953125
37 0.91328125 0.0890625 0.02734375 0.0328125
10 0.77734375 0.178125 0.0375 0.0234375
39 0.82734375 0.0875 0.015625 0.0171875
4 0.80859375 0.115625 0.02734375 0.02109375
37 0.73671875 0.075 0.04296875 0.02578125
20 0.6984375 0.075 0.0234375 0.015625
10 0.72265625 0.03671875 0.0375 0.0140625
13 0.72265625 0.02734375 0.01953125 0.03359375
10 0.4609375 0.24453125 0.01328125 0.04453125
38 0.4625 0.403125 0.01328125 0.04296875
10 0.46328125 0.44375 0.01796875 0.03515625
33 0.4640625 0.46640625 0.021875 0.01796875
2 0.465625 0.4875 0.01953125 0.025
23 0.5703125 0.53046875 0.0234375 0.0296875
23 0.6015625 0.49453125 0.01953125 0.025
31 0.60546875 0.61875 0.015625 0.021875
28 0.60390625 0.66796875 0.015625 0.06640625
0 0.6015625 0.7484375 0.01796875 0.01953125
15 0.5828125 0.74921875 0.01953125 0.015625
20 0.56328125 0.75 0.0171875 0.0140625
8 0.46171875 0.6953125 0.0140625 0.040625