36 0.69453125 0.56640625 0.04140625 0.1671875
36 0.90859375 0.56171875 0.034375 0.16328125
24 0.80078125 0.321875 0.03046875 0.02265625
20 0.58671875 0.35859375 0.02265625 0.01953125
12 0.58046875 0.28046875 0.009375 0.04921875
13 0.72734375 0.81953125 0.0328125 0.034375
13 0.72578125 0.771875 0.034375 0.01875
20 0.61484375 0.76953125 0.03046875 0.025
25 0.18203125 0.96484375 0.0359375 0.0328125
22 0.234375 0.26328125 0.028125 0.04375
22 0.43984375 0.40546875 0.03828125 0.0453125
22 0.4921875 0.146875 0.02890625 0.0359375
22 0.25625 0.86875 0.02890625 0.0421875
22 0.13828125 0.8640625 0.02890625 0.04921875
22 0.13828125 0.7609375 0.02890625 0.04765625
22 0.25859375 0.76328125 0.034375 0.0328125
22 0.37734375 0.7609375 0.0328125 0.0359375
22 0.49609375 0.76640625 0.02890625 0.0453125
22 0.13828125 0.6625 0.02890625 0.0359375
22 0.25703125 0.66015625 0.03203125 0.05078125
22 0.37734375 0.66328125 0.0328125 0.0453125
22 0.49921875 0.66328125 0.03046875 0.053125
22 0.13125 0.5421875 0.02890625 0.034375
22 0.2140625 0.54140625 0.0359375 0.03203125
22 0.3296875 0.5484375 0.0328125 0.0359375
16 0.05078125 0.1296875 0.0171875 0.0515625
28 0.234375 0.00703125 0.08125 0.01171875
10 0.346875 0.08203125 0.04375 0.01328125
7 0.08671875 0.09375 0.02265625 0.0171875
2 0.0875 0.1109375 0.02109375 0.0171875
10 0.0875 0.1359375 0.02109375 0.0328125
37 0.3796875 0.30234375 0.02265625 0.0375
33 0.38203125 0.3328125 0.01875 0.0265625
20 0.3796875 0.38671875 0.0171875 0.028125
10 0.115625 0.446875 0.03984375 0.02109375
28 0.1734375 0.4453125 0.0546875 0.01328125
10 0.2453125 0.4640625 0.0375 0.01875
4 0.16796875 0.5484375 0.02265625 0.028125
3 0.30859375 0.52421875 0.0171875 0.02109375
28 0.36015625 0.5 0.04375 0.01328125
13 0.0375 0.60859375 0.034375 0.03203125
28 0.13359375 0.5984375 0.06796875 0.015625
20 0.178125 0.59453125 0.028125 0.02265625
20 0.1734375 0.61875 0.02265625 0.0171875
20 0.40625 0.58515625 0.01953125 0.0265625
20 0.3875 0.6171875 0.01875 0.0171875
27 0.36953125 0.6203125 0.01953125 0.0171875
7 0.34375 0.61875 0.02109375 0.0171875
10 0.31796875 0.61875 0.03203125 0.01484375
10 0.08671875 0.72890625 0.028125 0.0359375
26 0.0890625 0.75625 0.02421875 0.02109375
29 0.0875 0.79140625 0.02109375 0.02890625
18 0.08515625 0.83515625 0.02265625 0.01875
17 0.0859375 0.85625 0.01875 0.01953125
37 0.08828125 0.8984375 0.028125 0.0328125
10 0.22734375 0.8078125 0.03828125 0.02421875
39 0.1765625 0.9 0.015625 0.0171875
4 0.1953125 0.87109375 0.028125 0.02109375
37 0.26875 0.9125 0.04375 0.0265625
20 0.3078125 0.9125 0.02421875 0.015625
10 0.2828125 0.9515625 0.03828125 0.01484375
13 0.2828125 0.96171875 0.01953125 0.034375
10 0.55078125 0.73984375 0.01328125 0.0453125
38 0.54921875 0.57734375 0.01328125 0.04375
10 0.54765625 0.53671875 0.01875 0.0359375
33 0.546875 0.51328125 0.02265625 0.01875
2 0.54609375 0.49140625 0.01953125 0.025
23 0.4390625 0.44765625 0.02421875 0.03046875
23 0.40625 0.484375 0.01953125 0.025
31 0.403125 0.3578125 0.015625 0.02265625
28 0.4046875 0.30703125 0.015625 0.06796875
0 0.40703125 0.225 0.01875 0.01953125
15 0.4265625 0.22421875 0.01953125 0.015625
20 0.44609375 0.2234375 0.0171875 0.01484375
8 0.55 0.27890625 0.01484375 0.04140625