22 0.3453125 0.78046875 0.065625 0.05390625
22 0.34296875 0.4703125 0.04453125 0.04375
22 0.7390625 0.43828125 0.04765625 0.04609375
21 0.34140625 0.1375 0.0484375 0.04765625
3 0.415625 0.15234375 0.03671875 0.0328125
14 0.27109375 0.2578125 0.13046875 0.1015625
21 0.34375 0.2609375 0.040625 0.04765625
28 0.25 0.31796875 0.10390625 0.0234375
20 0.346875 0.3203125 0.02890625 0.0234375
30 0.22265625 0.10703125 0.0359375 0.03671875
10 0.16328125 0.53203125 0.03046875 0.059375
10 0.16171875 0.71796875 0.02265625 0.06171875
28 0.340625 0.94296875 0.11328125 0.01953125
2 0.5140625 0.73125 0.04375 0.02734375
7 0.51015625 0.7609375 0.04609375 0.025
10 0.5171875 0.790625 0.03671875 0.03671875
10 0.5828125 0.609375 0.03203125 0.05
23 0.440625 0.49921875 0.05 0.04609375
10 0.4765625 0.31796875 0.0609375 0.01875
31 0.621875 0.29453125 0.02734375 0.02890625
20 0.6234375 0.2984375 0.03046875 0.025
23 0.79140625 0.36640625 0.03984375 0.04765625
28 0.853125 0.34609375 0.025 0.09375