22 0.6796875 0.19453125 0.06875 0.05625
22 0.6828125 0.5171875 0.046875 0.0453125
22 0.2703125 0.55 0.04921875 0.0484375
21 0.684375 0.8640625 0.05078125 0.04921875
3 0.60703125 0.8484375 0.03828125 0.034375
14 0.7578125 0.73828125 0.1359375 0.10546875
21 0.68203125 0.73515625 0.04296875 0.04921875
28 0.7796875 0.67578125 0.10859375 0.025
20 0.67890625 0.6734375 0.03046875 0.025
30 0.80859375 0.8953125 0.03671875 0.03828125
10 0.8703125 0.45234375 0.03125 0.06171875
10 0.871875 0.25859375 0.0234375 0.06484375
28 0.68515625 0.02578125 0.11796875 0.0203125
2 0.5046875 0.2453125 0.0453125 0.02890625
7 0.50859375 0.21484375 0.0484375 0.02578125
10 0.5015625 0.184375 0.03828125 0.03828125
10 0.4328125 0.371875 0.0328125 0.05234375
23 0.58125 0.48671875 0.05234375 0.0484375
10 0.54375 0.67578125 0.06328125 0.01953125
31 0.3921875 0.70078125 0.02890625 0.03046875
20 0.390625 0.69609375 0.03125 0.02578125
23 0.215625 0.625 0.04140625 0.04921875
28 0.1515625 0.64609375 0.02578125 0.09765625