22 0.34375 0.7765625 0.065625 0.05390625
22 0.34140625 0.46796875 0.04453125 0.04296875
22 0.73515625 0.43671875 0.046875 0.04609375
21 0.3390625 0.13671875 0.0484375 0.046875
3 0.41328125 0.1515625 0.03671875 0.0328125
14 0.26953125 0.25625 0.1296875 0.10078125
21 0.3421875 0.26015625 0.040625 0.046875
28 0.2484375 0.31640625 0.10390625 0.0234375
20 0.3453125 0.31875 0.02890625 0.0234375
30 0.22109375 0.10625 0.03515625 0.03671875
10 0.16171875 0.5296875 0.03046875 0.059375
10 0.1609375 0.71484375 0.02265625 0.06171875
28 0.33828125 0.9375 0.1125 0.01953125
2 0.5109375 0.72734375 0.04296875 0.02734375
7 0.50703125 0.75625 0.04609375 0.025
10 0.5140625 0.7859375 0.03671875 0.03671875
10 0.5796875 0.60625 0.03125 0.05
23 0.43828125 0.496875 0.05 0.04609375
10 0.4734375 0.31640625 0.06015625 0.01875
31 0.61875 0.29296875 0.02734375 0.02890625
20 0.6203125 0.296875 0.03046875 0.025
23 0.7875 0.36484375 0.0390625 0.046875
28 0.8484375 0.34453125 0.025 0.09296875