22 0.6859375 0.68828125 0.0453125 0.03828125
22 0.2421875 0.6890625 0.04140625 0.04140625
22 0.43515625 0.503125 0.04921875 0.0390625
22 0.70859375 0.23359375 0.059375 0.04140625
22 0.2765625 0.21484375 0.046875 0.028125
21 0.8453125 0.49296875 0.03515625 0.03671875
21 0.73984375 0.49453125 0.03671875 0.0515625
21 0.7953125 0.409375 0.03828125 0.04140625
21 0.20859375 0.5015625 0.04453125 0.03671875
21 0.10390625 0.496875 0.0328125 0.0390625
21 0.20859375 0.4109375 0.0390625 0.0390625
21 0.1046875 0.4109375 0.040625 0.03671875
37 0.87890625 0.7875 0.0265625 0.03515625
37 0.87734375 0.62734375 0.025 0.03203125
33 0.8796875 0.6046875 0.025 0.01640625
20 0.84296875 0.55625 0.02265625 0.01875
10 0.66796875 0.553125 0.04296875 0.0125
30 0.88046875 0.52578125 0.034375 0.034375
3 0.83125 0.43125 0.034375 0.02890625
28 0.70859375 0.821875 0.13046875 0.01796875
23 0.571875 0.70390625 0.046875 0.04296875
10 0.47109375 0.76484375 0.0203125 0.04296875
10 0.4984375 0.77421875 0.02265625 0.03203125
32 0.50078125 0.79453125 0.02421875 0.02421875
2 0.5 0.81171875 0.025 0.01484375
20 0.6109375 0.55703125 0.03203125 0.0203125
14 0.67109375 0.496875 0.1015625 0.0921875
23 0.60859375 0.48984375 0.0265625 0.025
23 0.52109375 0.50234375 0.02890625 0.03515625
20 0.49140625 0.53046875 0.03203125 0.025
28 0.44140625 0.53515625 0.05859375 0.01796875
28 0.27734375 0.8234375 0.10859375 0.01875
10 0.09296875 0.80859375 0.0140625 0.04140625
10 0.09453125 0.64765625 0.021875 0.046875
20 0.27265625 0.55859375 0.0390625 0.021875
20 0.60859375 0.3546875 0.034375 0.02890625
10 0.90390625 0.31015625 0.03046875 0.03828125
10 0.90859375 0.146875 0.01640625 0.0453125
10 0.5078125 0.23515625 0.0203125 0.0328125
10 0.484375 0.203125 0.021875 0.03203125
2 0.48203125 0.22890625 0.021875 0.0203125
28 0.26171875 0.1 0.11015625 0.0203125
10 0.06953125 0.13046875 0.01796875 0.040625
10 0.06953125 0.29140625 0.01796875 0.034375
30 0.09921875 0.528125 0.03203125 0.028125
3 0.13203125 0.4359375 0.02265625 0.0265625
20 0.27421875 0.45390625 0.02421875 0.0265625
20 0.2734375 0.34453125 0.025 0.03515625
31 0.26796875 0.41953125 0.01875 0.034375
31 0.1546875 0.36640625 0.2078125 0.06953125
28 0.7171875 0.1015625 0.11015625 0.021875