22 0.73203125 0.265625 0.0484375 0.03984375
22 0.26171875 0.26484375 0.04453125 0.04453125
22 0.465625 0.46171875 0.05234375 0.04140625
22 0.75546875 0.74765625 0.06328125 0.04453125
22 0.2984375 0.76640625 0.04921875 0.0296875
21 0.90078125 0.47265625 0.0375 0.0390625
21 0.7890625 0.47109375 0.0390625 0.0546875
21 0.846875 0.5609375 0.03984375 0.04453125
21 0.22578125 0.46328125 0.046875 0.0390625
21 0.115625 0.46875 0.03515625 0.04140625
21 0.22578125 0.559375 0.04140625 0.04140625
21 0.11640625 0.559375 0.04296875 0.0390625
37 0.9359375 0.1609375 0.028125 0.0375
37 0.934375 0.33046875 0.0265625 0.03359375
33 0.93671875 0.3546875 0.0265625 0.0171875
20 0.8984375 0.40546875 0.02421875 0.0203125
10 0.71328125 0.40859375 0.0453125 0.01328125
30 0.9375 0.4375 0.0359375 0.0359375
3 0.88515625 0.53828125 0.0359375 0.03046875
28 0.75546875 0.125 0.13828125 0.01875
23 0.6109375 0.24921875 0.04921875 0.0453125
10 0.50390625 0.18515625 0.02109375 0.0453125
10 0.53359375 0.175 0.02421875 0.03359375
32 0.53515625 0.153125 0.02578125 0.02578125
2 0.53515625 0.13515625 0.0265625 0.01640625
20 0.65234375 0.4046875 0.03359375 0.02109375
14 0.715625 0.46875 0.10703125 0.09765625
23 0.64921875 0.47578125 0.028125 0.0265625
23 0.55703125 0.4625 0.03046875 0.0375
20 0.52578125 0.4328125 0.03359375 0.0265625
28 0.4734375 0.42734375 0.06171875 0.01875
28 0.29921875 0.12265625 0.115625 0.0203125
10 0.10390625 0.1390625 0.01484375 0.04453125
10 0.10546875 0.30859375 0.02265625 0.04921875
20 0.29453125 0.403125 0.04140625 0.02265625
20 0.64921875 0.61875 0.0359375 0.03046875
10 0.9625 0.66640625 0.03203125 0.03984375
10 0.9671875 0.8390625 0.0171875 0.0484375
10 0.54296875 0.7453125 0.02109375 0.03515625
10 0.51796875 0.7796875 0.02265625 0.03359375
2 0.515625 0.75234375 0.02265625 0.02109375
28 0.28203125 0.8890625 0.11640625 0.02109375
10 0.07890625 0.85625 0.01875 0.04296875
10 0.07890625 0.6859375 0.01875 0.0359375
30 0.1109375 0.4359375 0.03359375 0.0296875
3 0.14453125 0.5328125 0.02421875 0.028125
20 0.2953125 0.5140625 0.02578125 0.028125
20 0.29453125 0.6296875 0.0265625 0.0375
31 0.2890625 0.55 0.0203125 0.0359375
31 0.16875 0.60625 0.21953125 0.0734375
28 0.76484375 0.88671875 0.11640625 0.02265625