22 0.25859375 0.71328125 0.0703125 0.03359375
22 0.6796875 0.71796875 0.053125 0.0234375
22 0.5171875 0.49140625 0.05546875 0.0375
22 0.69375 0.25390625 0.05703125 0.0375
21 0.1828125 0.35546875 0.0546875 0.0375
21 0.18671875 0.284375 0.04296875 0.0515625
21 0.371875 0.28515625 0.053125 0.0484375
21 0.69921875 0.44765625 0.040625 0.0375
21 0.8515625 0.44609375 0.05078125 0.0484375
21 0.77734375 0.53671875 0.0484375 0.0375
2 0.09609375 0.825 0.04140625 0.02578125
10 0.09140625 0.7953125 0.0328125 0.0328125
28 0.20078125 0.83515625 0.09765625 0.02890625
10 0.38984375 0.83671875 0.05703125 0.0296875
10 0.22578125 0.60078125 0.0515625 0.02734375
20 0.28359375 0.59921875 0.0296875 0.02734375
10 0.45 0.71796875 0.021875 0.04921875
28 0.6515625 0.8375 0.09609375 0.02109375
10 0.91953125 0.796875 0.02109375 0.0484375
10 0.9171875 0.63203125 0.02890625 0.053125
20 0.60625 0.59765625 0.046875 0.02109375
20 0.4296875 0.57890625 0.04453125 0.025
28 0.340625 0.509375 0.090625 0.021875
28 0.2828125 0.45234375 0.02578125 0.03515625
23 0.446875 0.53984375 0.04140625 0.0375
20 0.6015625 0.51953125 0.03125 0.04140625
31 0.60234375 0.565625 0.02890625 0.02734375
14 0.77109375 0.5578125 0.284375 0.06328125
30 0.90703125 0.42109375 0.0484375 0.0296875
3 0.775 0.4484375 0.0375 0.0390625
27 0.59921875 0.421875 0.03515625 0.03125
10 0.38515625 0.15234375 0.03515625 0.0375
7 0.390625 0.178125 0.03671875 0.02109375
2 0.390625 0.19609375 0.04296875 0.02890625
28 0.64921875 0.10625 0.16328125 0.03125
37 0.909375 0.12421875 0.0390625 0.0328125
33 0.90703125 0.14921875 0.03515625 0.02578125
37 0.9046875 0.3015625 0.04296875 0.0515625
20 0.6125 0.3875 0.0328125 0.02734375
3 0.275 0.29453125 0.0296875 0.03515625
30 0.26015625 0.3828125 0.05078125 0.03671875
14 0.37109375 0.3609375 0.16328125 0.09375
20 0.47265625 0.325 0.02890625 0.03359375