22 0.7375 0.31796875 0.071875 0.034375
22 0.30703125 0.31328125 0.0546875 0.02421875
22 0.47265625 0.54453125 0.05703125 0.03828125
22 0.29296875 0.7875 0.05859375 0.03828125
21 0.8140625 0.68359375 0.05546875 0.03828125
21 0.8109375 0.75625 0.04375 0.053125
21 0.62109375 0.75546875 0.0546875 0.04921875
21 0.2875 0.58984375 0.04140625 0.03828125
21 0.13203125 0.590625 0.0515625 0.04921875
21 0.2078125 0.49765625 0.04921875 0.03828125
2 0.903125 0.20390625 0.0421875 0.0265625
10 0.9078125 0.234375 0.0328125 0.0328125
28 0.79609375 0.19375 0.09921875 0.02890625
10 0.603125 0.19140625 0.05859375 0.03046875
10 0.7703125 0.4328125 0.053125 0.028125
20 0.71171875 0.434375 0.03046875 0.028125
10 0.54140625 0.31328125 0.02265625 0.05078125
28 0.33515625 0.190625 0.0984375 0.02109375
10 0.0625 0.2328125 0.02109375 0.04921875
10 0.06484375 0.4015625 0.02890625 0.0546875
20 0.38203125 0.43671875 0.04765625 0.02109375
20 0.5625 0.45546875 0.0453125 0.025
28 0.65390625 0.52578125 0.09296875 0.02265625
28 0.7125 0.584375 0.0265625 0.0359375
23 0.5453125 0.4953125 0.0421875 0.03828125
20 0.3875 0.515625 0.03203125 0.0421875
31 0.3859375 0.46875 0.02890625 0.028125
14 0.2140625 0.4765625 0.290625 0.06484375
30 0.075 0.61640625 0.04921875 0.03046875
3 0.21015625 0.5890625 0.03828125 0.03984375
27 0.3890625 0.615625 0.0359375 0.03203125
10 0.6078125 0.890625 0.0359375 0.03828125
7 0.60234375 0.86484375 0.0375 0.02109375
2 0.603125 0.84609375 0.04375 0.02890625
28 0.33828125 0.9375 0.1671875 0.03203125
37 0.07265625 0.91953125 0.03984375 0.0328125
33 0.075 0.89375 0.0359375 0.0265625
37 0.07734375 0.7390625 0.04375 0.053125
20 0.37578125 0.65078125 0.0328125 0.028125
3 0.72109375 0.74609375 0.03046875 0.0359375
30 0.73515625 0.65546875 0.0515625 0.0375
14 0.621875 0.67734375 0.1671875 0.0953125
20 0.51875 0.71484375 0.02890625 0.034375