22 0.32734375 0.46171875 0.04375 0.0296875
22 0.26875 0.675 0.04375 0.03359375
22 0.6734375 0.70546875 0.05078125 0.03984375
21 0.23828125 0.10703125 0.04140625 0.0375
21 0.38671875 0.1046875 0.04296875 0.03359375
21 0.56796875 0.20859375 0.04296875 0.04140625
21 0.778125 0.20703125 0.0359375 0.0359375
21 0.56640625 0.3203125 0.04296875 0.04375
21 0.77578125 0.3203125 0.04765625 0.04375
21 0.56796875 0.45390625 0.03984375 0.03359375
21 0.77734375 0.45234375 0.04296875 0.04140625
21 0.38828125 0.2703125 0.0359375 0.03828125
21 0.2390625 0.2703125 0.0359375 0.03359375
16 0.36953125 0.8328125 0.02109375 0.05703125
13 0.340625 0.79609375 0.025 0.04296875
20 0.33828125 0.7421875 0.034375 0.0203125
20 0.37890625 0.740625 0.034375 0.02265625
12 0.0921875 0.73125 0.015625 0.0546875
28 0.38828125 0.709375 0.034375 0.05078125
31 0.38984375 0.6703125 0.025 0.03359375
2 0.15234375 0.43359375 0.03203125 0.0265625
10 0.190625 0.434375 0.04296875 0.02265625
33 0.2265625 0.43359375 0.034375 0.0265625
23 0.346875 0.559375 0.05078125 0.03828125
27 0.38671875 0.51640625 0.0296875 0.03046875
20 0.384375 0.434375 0.025 0.0203125
3 0.2 0.3859375 0.04296875 0.025
21 0.26640625 0.3859375 0.04296875 0.04140625
28 0.3921875 0.39609375 0.01328125 0.04296875
20 0.425 0.4171875 0.025 0.02421875
26 0.1515625 0.31953125 0.03359375 0.02265625
10 0.15 0.29765625 0.03359375 0.03203125
29 0.15234375 0.1859375 0.0375 0.046875
24 0.08828125 0.09140625 0.0203125 0.028125
18 0.1515625 0.13203125 0.03359375 0.01875
37 0.15390625 0.10703125 0.04140625 0.03203125
17 0.2171875 0.04609375 0.06171875 0.02265625
4 0.3109375 0.10234375 0.053125 0.03359375
39 0.38671875 0.0546875 0.0265625 0.02109375
25 0.346875 0.0046875 0.053125 0.009375
37 0.49296875 0.0453125 0.05625 0.02109375
20 0.53671875 0.04296875 0.025 0.02109375
10 0.51171875 0.00625 0.05859375 0.01171875
13 0.51171875 0.00625 0.02421875 0.01171875
28 0.92109375 0.09453125 0.02109375 0.10390625
2 0.4265625 0.3171875 0.034375 0.02109375
7 0.428125 0.33671875 0.03984375 0.0203125
10 0.421875 0.359375 0.025 0.03359375
10 0.85078125 0.50234375 0.053125 0.015625
10 0.88984375 0.51953125 0.04921875 0.01484375
28 0.675 0.50234375 0.15234375 0.015625
28 0.56171875 0.52109375 0.115625 0.015625
20 0.42734375 0.6203125 0.03046875 0.02109375
33 0.4296875 0.63984375 0.04375 0.01875
10 0.42265625 0.66484375 0.0265625 0.03046875
10 0.92421875 0.68671875 0.01875 0.034375
2 0.91796875 0.71171875 0.0359375 0.02109375
7 0.91640625 0.74296875 0.028125 0.03203125
0 0.44453125 0.89140625 0.028125 0.0203125
37 0.484375 0.88671875 0.04765625 0.02109375
28 0.6703125 0.9484375 0.15703125 0.0203125
10 0.88828125 0.8890625 0.053125 0.02109375