22 0.65625 0.490625 0.04296875 0.02890625
22 0.71328125 0.69921875 0.04296875 0.0328125
22 0.31953125 0.72890625 0.04921875 0.0390625
21 0.74375 0.1453125 0.040625 0.03671875
21 0.5984375 0.14375 0.04140625 0.0328125
21 0.421875 0.24453125 0.04140625 0.040625
21 0.2171875 0.24375 0.03515625 0.03515625
21 0.4234375 0.35390625 0.04140625 0.04296875
21 0.21953125 0.35390625 0.046875 0.04296875
21 0.421875 0.48359375 0.0390625 0.0328125
21 0.21796875 0.4828125 0.04140625 0.040625
21 0.596875 0.3046875 0.03515625 0.0375
21 0.7421875 0.3046875 0.03515625 0.0328125
16 0.615625 0.85234375 0.02109375 0.05546875
13 0.64375 0.8171875 0.025 0.04140625
20 0.6453125 0.7640625 0.03359375 0.01953125
20 0.60625 0.76328125 0.03359375 0.021875
12 0.8859375 0.75390625 0.015625 0.053125
28 0.59765625 0.7328125 0.03359375 0.04921875
31 0.5953125 0.69453125 0.025 0.0328125
2 0.82734375 0.46328125 0.03125 0.02578125
10 0.78984375 0.4640625 0.04140625 0.021875
33 0.7546875 0.46328125 0.03359375 0.02578125
23 0.6375 0.58671875 0.04921875 0.0375
27 0.5984375 0.54453125 0.02890625 0.0296875
20 0.60078125 0.4640625 0.025 0.01953125
3 0.78046875 0.4171875 0.04140625 0.025
21 0.715625 0.4171875 0.04140625 0.040625
28 0.59375 0.42734375 0.01328125 0.04140625
20 0.56171875 0.4484375 0.025 0.0234375
26 0.828125 0.35234375 0.0328125 0.021875
10 0.82890625 0.33125 0.0328125 0.03125
29 0.82734375 0.22265625 0.03671875 0.0453125
24 0.8890625 0.13046875 0.01953125 0.02734375
18 0.828125 0.1703125 0.0328125 0.01796875
37 0.825 0.1453125 0.040625 0.03125
17 0.76328125 0.08671875 0.059375 0.021875
4 0.67265625 0.140625 0.0515625 0.0328125
39 0.5984375 0.09453125 0.02578125 0.02109375
25 0.6375 0.03671875 0.0515625 0.02890625
37 0.49453125 0.0859375 0.0546875 0.02109375
20 0.45234375 0.0828125 0.025 0.02109375
10 0.4765625 0.04453125 0.05703125 0.01796875
13 0.4765625 0.0359375 0.0234375 0.03515625
28 0.078125 0.13359375 0.02109375 0.1015625
2 0.559375 0.35078125 0.03359375 0.02109375
7 0.55859375 0.36953125 0.0390625 0.01953125
10 0.5640625 0.39140625 0.025 0.0328125
10 0.146875 0.53125 0.0515625 0.015625
10 0.10859375 0.54765625 0.0484375 0.0140625
28 0.31796875 0.53125 0.1484375 0.015625
28 0.428125 0.54921875 0.11328125 0.015625
20 0.559375 0.6453125 0.0296875 0.02109375
33 0.55625 0.66484375 0.04296875 0.01796875
10 0.56328125 0.6890625 0.02578125 0.0296875
10 0.075 0.71015625 0.01796875 0.03359375
2 0.08125 0.73515625 0.03515625 0.02109375
7 0.0828125 0.76484375 0.02734375 0.03125
0 0.5421875 0.909375 0.02734375 0.01953125
37 0.50390625 0.90546875 0.046875 0.02109375
28 0.321875 0.965625 0.153125 0.01953125
10 0.11015625 0.9078125 0.0515625 0.02109375