22 0.62734375 0.475 0.0453125 0.03046875
22 0.6875 0.2546875 0.0453125 0.034375
22 0.2703125 0.22421875 0.05234375 0.04140625
21 0.71875 0.840625 0.04296875 0.03828125
21 0.565625 0.84296875 0.04375 0.034375
21 0.37890625 0.7359375 0.04375 0.04296875
21 0.1625 0.73671875 0.03671875 0.03671875
21 0.38046875 0.6203125 0.04375 0.0453125
21 0.16484375 0.6203125 0.04921875 0.0453125
21 0.37890625 0.4828125 0.04140625 0.034375
21 0.16328125 0.484375 0.04375 0.04296875
21 0.5640625 0.67265625 0.03671875 0.03984375
21 0.71796875 0.67265625 0.03671875 0.034375
16 0.58359375 0.09296875 0.021875 0.059375
13 0.61328125 0.13046875 0.02578125 0.04375
20 0.615625 0.1859375 0.0359375 0.0203125
20 0.57421875 0.1875 0.0359375 0.0234375
12 0.86953125 0.196875 0.01640625 0.05625
28 0.56484375 0.21953125 0.0359375 0.05234375
31 0.5625 0.26015625 0.02578125 0.034375
2 0.8078125 0.50390625 0.0328125 0.02734375
10 0.76796875 0.503125 0.04375 0.0234375
33 0.73046875 0.50390625 0.0359375 0.02734375
23 0.60703125 0.37421875 0.05234375 0.03984375
27 0.565625 0.41796875 0.03046875 0.03125
20 0.56796875 0.503125 0.02578125 0.0203125
3 0.75859375 0.553125 0.04375 0.02578125
21 0.68984375 0.553125 0.04375 0.04296875
28 0.56015625 0.54296875 0.0140625 0.04375
20 0.5265625 0.5203125 0.02578125 0.025
26 0.80859375 0.621875 0.034375 0.0234375
10 0.809375 0.64453125 0.034375 0.0328125
29 0.8078125 0.75859375 0.03828125 0.0484375
24 0.87265625 0.85625 0.0203125 0.02890625
18 0.80859375 0.81484375 0.034375 0.01953125
37 0.80546875 0.840625 0.04296875 0.0328125
17 0.740625 0.903125 0.06328125 0.0234375
4 0.64453125 0.8453125 0.0546875 0.034375
39 0.565625 0.89453125 0.02734375 0.021875
25 0.60703125 0.95625 0.0546875 0.03046875
37 0.45625 0.90390625 0.0578125 0.021875
20 0.41171875 0.90625 0.02578125 0.021875
10 0.43671875 0.94765625 0.06015625 0.01953125
13 0.43671875 0.95703125 0.025 0.03671875
28 0.01484375 0.853125 0.021875 0.10703125
2 0.525 0.6234375 0.0359375 0.021875
7 0.5234375 0.60390625 0.04140625 0.0203125
10 0.5296875 0.58046875 0.02578125 0.034375
10 0.08828125 0.4328125 0.0546875 0.01640625
10 0.04765625 0.415625 0.05078125 0.01484375
28 0.26953125 0.4328125 0.15625 0.01640625
28 0.38515625 0.41328125 0.11953125 0.01640625
20 0.52421875 0.31171875 0.03125 0.021875
33 0.52109375 0.29140625 0.0453125 0.01953125
10 0.52890625 0.265625 0.02734375 0.03125
10 0.0125 0.24296875 0.01953125 0.0359375
2 0.01875 0.2171875 0.03671875 0.021875
7 0.01953125 0.18515625 0.02890625 0.0328125
0 0.50625 0.03203125 0.02890625 0.0203125
37 0.465625 0.03671875 0.04921875 0.021875
10 0.04921875 0.034375 0.0546875 0.021875