36 0.84375 0.57265625 0.02578125 0.1640625
36 0.62109375 0.56875 0.03125 0.17109375
36 0.73046875 0.32578125 0.03125 0.01484375
10 0.653125 0.7859375 0.04609375 0.0203125
13 0.65390625 0.8296875 0.03125 0.03125
20 0.53671875 0.7796875 0.02734375 0.0234375
10 0.4703125 0.74921875 0.021875 0.05078125
21 0.415625 0.77421875 0.02421875 0.0453125
21 0.41875 0.66953125 0.02890625 0.0328125
21 0.2921875 0.67109375 0.03515625 0.040625
21 0.29375 0.77421875 0.0328125 0.03984375
38 0.47421875 0.58984375 0.02421875 0.0453125
10 0.46796875 0.5515625 0.0421875 0.03671875
33 0.4734375 0.52578125 0.03984375 0.01875
2 0.478125 0.5078125 0.0328125 0.0234375
20 0.51015625 0.36484375 0.0203125 0.021875
12 0.50546875 0.28515625 0.01328125 0.04765625
8 0.47578125 0.28515625 0.021875 0.04765625
21 0.4140625 0.153125 0.04375 0.03515625
20 0.3671875 0.23046875 0.02421875 0.0203125
31 0.346875 0.23125 0.01875 0.02734375
0 0.3265625 0.2265625 0.0296875 0.02421875
10 0.26328125 0.08515625 0.0453125 0.01484375
28 0.146875 0.01171875 0.10234375 0.0125
22 0.1484375 0.27109375 0.034375 0.03984375
22 0.3625 0.41640625 0.03984375 0.0328125
2 0.00234375 0.11328125 0.00390625 0.01875
10 0.00390625 0.1390625 0.0078125 0.034375
7 0.00390625 0.09609375 0.0078125 0.0203125
28 0.3234375 0.309375 0.01796875 0.0671875
37 0.2984375 0.30703125 0.02890625 0.0421875
33 0.296875 0.33984375 0.02890625 0.02578125
20 0.3015625 0.403125 0.0203125 0.0296875
23 0.35859375 0.45546875 0.02578125 0.034375
27 0.32109375 0.49453125 0.02421875 0.02421875
28 0.28046875 0.50859375 0.053125 0.01484375
21 0.25 0.55625 0.0296875 0.03828125
3 0.225 0.53046875 0.01484375 0.01796875
20 0.32265625 0.59296875 0.01875 0.021875
20 0.30703125 0.62734375 0.02421875 0.02421875
27 0.2890625 0.628125 0.0203125 0.02421875
7 0.26171875 0.6265625 0.0203125 0.03125
10 0.23203125 0.62578125 0.0328125 0.02421875
28 0.084375 0.45234375 0.0546875 0.02734375
10 0.025 0.45390625 0.05 0.0234375
10 0.1578125 0.465625 0.03984375 0.02421875
21 0.03984375 0.55 0.0296875 0.034375
21 0.1234375 0.55078125 0.03125 0.03515625
21 0.05 0.671875 0.02578125 0.03515625
21 0.16953125 0.6703125 0.02734375 0.03125
21 0.1734375 0.7734375 0.02421875 0.03828125
21 0.05 0.77578125 0.0234375 0.0328125
4 0.08359375 0.5515625 0.021875 0.0328125
20 0.0875 0.6046875 0.0296875 0.0234375
20 0.0875 0.6265625 0.0328125 0.01484375
28 0.0421875 0.60390625 0.065625 0.01640625
31 0.3234375 0.365625 0.0296875 0.034375
13 0.1984375 0.978125 0.02578125 0.02421875
10 0.2015625 0.96328125 0.053125 0.01640625
37 0.18125 0.925 0.03984375 0.01875
20 0.22109375 0.92265625 0.02421875 0.02578125
21 0.17109375 0.87734375 0.02890625 0.034375
4 0.11328125 0.88125 0.02734375 0.02421875
39 0.08671875 0.91328125 0.01484375 0.01796875
21 0.04609375 0.8765625 0.02421875 0.034375
25 0.0953125 0.9734375 0.0328125 0.0234375
37 0.00625 0.91171875 0.0125 0.0421875
18 0.00234375 0.86328125 0.00390625 0.021875
17 0.00390625 0.84609375 0.0078125 0.0203125
29 0.00625 0.8015625 0.0125 0.02578125
26 0.00234375 0.76484375 0.00390625 0.01875
10 0.003125 0.73984375 0.00625 0.0359375
10 0.1421875 0.81875 0.04609375 0.0234375