36 0.14140625 0.42734375 0.02421875 0.153125
36 0.35 0.43046875 0.0296875 0.16015625
36 0.24765625 0.6578125 0.0296875 0.0140625
10 0.31953125 0.22734375 0.04375 0.01953125
13 0.31875 0.1859375 0.0296875 0.0296875
20 0.428125 0.23359375 0.02578125 0.021875
10 0.49140625 0.26171875 0.0203125 0.04765625
21 0.5421875 0.23828125 0.02265625 0.0421875
21 0.5390625 0.3359375 0.0265625 0.03046875
21 0.65703125 0.33515625 0.03359375 0.03828125
21 0.65625 0.23828125 0.03046875 0.03671875
38 0.4875 0.4109375 0.02265625 0.0421875
10 0.49296875 0.446875 0.03984375 0.034375
33 0.4875 0.4703125 0.03671875 0.01796875
2 0.48359375 0.4875 0.03046875 0.021875
20 0.453125 0.62109375 0.01953125 0.0203125
12 0.4578125 0.69609375 0.0125 0.04453125
8 0.4859375 0.69609375 0.0203125 0.04453125
21 0.54375 0.81953125 0.040625 0.03359375
20 0.58671875 0.74765625 0.02265625 0.01953125
31 0.60625 0.746875 0.01796875 0.02578125
0 0.625 0.75078125 0.028125 0.02265625
10 0.68515625 0.8828125 0.0421875 0.0140625
28 0.79375 0.95234375 0.09609375 0.01171875
22 0.7921875 0.709375 0.03203125 0.03671875
22 0.59140625 0.57265625 0.03671875 0.03046875
2 0.93671875 0.85703125 0.01953125 0.01796875
10 0.93671875 0.83359375 0.02421875 0.03359375
16 0.96640625 0.83515625 0.0140625 0.05625
7 0.934375 0.87265625 0.021875 0.01953125
28 0.62890625 0.6734375 0.01640625 0.0625
37 0.6515625 0.67578125 0.0265625 0.03984375
33 0.653125 0.6453125 0.0265625 0.02421875
20 0.64921875 0.5859375 0.01953125 0.028125
23 0.5953125 0.53671875 0.02421875 0.03203125
27 0.63046875 0.5 0.02265625 0.02265625
28 0.66796875 0.48671875 0.05 0.0140625
21 0.696875 0.4421875 0.028125 0.0359375
3 0.7203125 0.46640625 0.0140625 0.01640625
20 0.62890625 0.4078125 0.01796875 0.0203125
20 0.64296875 0.37578125 0.02265625 0.02265625
27 0.66015625 0.375 0.01953125 0.02265625
7 0.6859375 0.3765625 0.01953125 0.0296875
10 0.71328125 0.37734375 0.03046875 0.02265625
28 0.8515625 0.53984375 0.05078125 0.02578125
10 0.909375 0.5390625 0.0484375 0.021875
10 0.78359375 0.5265625 0.03671875 0.02265625
21 0.89375 0.4484375 0.028125 0.03203125
21 0.81484375 0.44765625 0.0296875 0.03359375
21 0.884375 0.33359375 0.02421875 0.03359375
21 0.77265625 0.3359375 0.02578125 0.0296875
21 0.76875 0.2390625 0.02265625 0.0359375
21 0.884375 0.23671875 0.021875 0.03046875
4 0.853125 0.44609375 0.0203125 0.03046875
20 0.84921875 0.396875 0.028125 0.021875
20 0.84921875 0.3765625 0.03046875 0.0140625
28 0.89140625 0.39765625 0.06171875 0.015625
13 0.98046875 0.38828125 0.03203125 0.02421875
31 0.628125 0.62109375 0.028125 0.03203125
13 0.74453125 0.04765625 0.02421875 0.02265625
10 0.7421875 0.06171875 0.05 0.015625
37 0.76171875 0.096875 0.03671875 0.01796875
20 0.7234375 0.09921875 0.02265625 0.02421875
21 0.7703125 0.14140625 0.0265625 0.03203125
4 0.825 0.13828125 0.02578125 0.02265625
39 0.85 0.1078125 0.0140625 0.01640625
21 0.8875 0.14296875 0.02265625 0.03203125
25 0.84140625 0.0515625 0.03046875 0.021875
37 0.93203125 0.109375 0.02578125 0.03984375
18 0.93515625 0.1546875 0.01640625 0.0203125
17 0.93515625 0.17109375 0.0203125 0.01953125
29 0.93046875 0.21328125 0.021875 0.02421875
26 0.93671875 0.246875 0.01953125 0.01796875
10 0.93515625 0.27109375 0.01953125 0.03359375
10 0.79765625 0.19609375 0.04375 0.021875