36 0.1203125 0.57890625 0.0265625 0.16640625
36 0.346875 0.57578125 0.03203125 0.1734375
36 0.23515625 0.328125 0.03203125 0.015625
10 0.3140625 0.796875 0.046875 0.02109375
13 0.31328125 0.840625 0.03203125 0.03203125
20 0.43203125 0.78984375 0.028125 0.0234375
10 0.5 0.759375 0.021875 0.0515625
21 0.55546875 0.784375 0.025 0.04609375
21 0.55234375 0.678125 0.02890625 0.03359375
21 0.68046875 0.67890625 0.0359375 0.04140625
21 0.67890625 0.784375 0.03359375 0.040625
38 0.49609375 0.596875 0.025 0.04609375
10 0.50234375 0.5578125 0.04296875 0.0375
33 0.496875 0.53203125 0.040625 0.01953125
2 0.49140625 0.51328125 0.03359375 0.0234375
20 0.459375 0.36796875 0.02109375 0.021875
12 0.4640625 0.28671875 0.0140625 0.0484375
8 0.49453125 0.28671875 0.021875 0.0484375
21 0.55703125 0.153125 0.04453125 0.0359375
20 0.60390625 0.23125 0.025 0.02109375
31 0.625 0.23203125 0.01953125 0.028125
0 0.64609375 0.228125 0.03046875 0.025
10 0.71015625 0.084375 0.04609375 0.015625
28 0.828125 0.009375 0.10390625 0.0125
22 0.82734375 0.27265625 0.034375 0.040625
22 0.609375 0.42109375 0.040625 0.03359375
2 0.984375 0.1125 0.02109375 0.01953125
10 0.984375 0.1375 0.0265625 0.0359375
7 0.98125 0.0953125 0.0234375 0.02109375
28 0.64921875 0.31171875 0.01796875 0.06796875
37 0.67421875 0.309375 0.02890625 0.04296875
33 0.67578125 0.3421875 0.02890625 0.0265625
20 0.671875 0.40703125 0.02109375 0.03046875
23 0.61328125 0.46015625 0.0265625 0.034375
27 0.6515625 0.5 0.025 0.025
28 0.6921875 0.51484375 0.05390625 0.015625
21 0.7234375 0.5625 0.03046875 0.0390625
3 0.74921875 0.53671875 0.015625 0.01796875
20 0.65 0.6 0.01953125 0.021875
20 0.665625 0.634375 0.025 0.025
27 0.684375 0.6359375 0.02109375 0.025
7 0.71171875 0.634375 0.02109375 0.03203125
10 0.74140625 0.63359375 0.03359375 0.025
28 0.89140625 0.45703125 0.05546875 0.028125
10 0.95390625 0.4578125 0.053125 0.0234375
10 0.8171875 0.47109375 0.040625 0.025
21 0.9375 0.55625 0.03046875 0.034375
21 0.85234375 0.55703125 0.03203125 0.0359375
21 0.92734375 0.68046875 0.0265625 0.0359375
21 0.80546875 0.678125 0.028125 0.03203125
21 0.8015625 0.78359375 0.025 0.0390625
21 0.92734375 0.7859375 0.0234375 0.03359375
4 0.89296875 0.55859375 0.021875 0.03359375
20 0.8890625 0.61171875 0.03046875 0.0234375
20 0.8890625 0.634375 0.03359375 0.015625
28 0.934375 0.6109375 0.06640625 0.01640625
31 0.6484375 0.36875 0.03046875 0.034375
13 0.77578125 0.98984375 0.0265625 0.0203125
10 0.77265625 0.9765625 0.05390625 0.01640625
37 0.79375 0.9375 0.040625 0.01953125
20 0.753125 0.93515625 0.025 0.0265625
21 0.803125 0.88984375 0.02890625 0.034375
4 0.8625 0.89296875 0.028125 0.025
39 0.88984375 0.92578125 0.015625 0.01796875
21 0.93046875 0.88828125 0.025 0.034375
25 0.88046875 0.98671875 0.03359375 0.0234375
37 0.97890625 0.92421875 0.028125 0.04296875
18 0.9828125 0.875 0.01796875 0.021875
17 0.98203125 0.8578125 0.021875 0.02109375
29 0.97734375 0.81171875 0.0234375 0.0265625
26 0.984375 0.775 0.02109375 0.01953125
10 0.9828125 0.7484375 0.02109375 0.0359375
10 0.83359375 0.8296875 0.046875 0.0234375