22 0.6609375 0.27265625 0.04921875 0.03671875
22 0.1953125 0.26875 0.0578125 0.03984375
22 0.4765625 0.51171875 0.0578125 0.0453125
22 0.67109375 0.7671875 0.05625 0.03984375
28 0.62890625 0.1453125 0.1015625 0.021875
10 0.91484375 0.1890625 0.021875 0.04296875
10 0.4046875 0.27109375 0.0234375 0.05078125
10 0.91484375 0.35625 0.02734375 0.05078125
10 0.34765625 0.14375 0.0578125 0.0203125
28 0.14609375 0.14296875 0.1109375 0.021875
2 0.02421875 0.1609375 0.034375 0.01953125
10 0.01953125 0.19140625 0.03125 0.03984375
20 0.5765625 0.40078125 0.03125 0.0203125
14 0.75546875 0.44609375 0.31328125 0.07265625
21 0.759375 0.46484375 0.0578125 0.03984375
21 0.84375 0.55703125 0.04375 0.04296875
21 0.67890625 0.55859375 0.04140625 0.034375
21 0.321875 0.72578125 0.0453125 0.03671875
21 0.11640625 0.653125 0.0453125 0.03984375
21 0.11640625 0.728125 0.05234375 0.04140625
31 0.57734375 0.43203125 0.02890625 0.02890625
20 0.57109375 0.4828125 0.034375 0.0203125
30 0.9046875 0.5875 0.05078125 0.03125
3 0.76171875 0.55390625 0.05078125 0.02890625
27 0.5734375 0.5859375 0.03984375 0.02890625
20 0.58515625 0.61953125 0.04140625 0.025
37 0.90625 0.71328125 0.04296875 0.0484375
37 0.90390625 0.878125 0.04375 0.05234375
28 0.62890625 0.9203125 0.1734375 0.01953125
32 0.340625 0.846875 0.02734375 0.0203125
2 0.34140625 0.828125 0.03125 0.01640625
10 0.33984375 0.87265625 0.03125 0.03671875
20 0.4390625 0.6890625 0.03671875 0.03671875
14 0.3296875 0.6453125 0.184375 0.08515625
23 0.40546875 0.4625 0.05234375 0.03984375
20 0.38359375 0.42578125 0.0484375 0.021875
28 0.28984375 0.490625 0.1046875 0.01640625
28 0.228125 0.55703125 0.021875 0.04296875
3 0.22421875 0.72578125 0.05234375 0.034375
30 0.2078125 0.625 0.0484375 0.02734375
10 0.16640625 0.40078125 0.06328125 0.021875
20 0.2296875 0.396875 0.04140625 0.025