22 0.34921875 0.7578125 0.04921875 0.03671875
22 0.81015625 0.76171875 0.05703125 0.0390625
22 0.53125 0.52109375 0.05703125 0.04453125
22 0.3390625 0.26796875 0.05546875 0.0390625
28 0.38046875 0.8828125 0.10078125 0.021875
10 0.09765625 0.840625 0.021875 0.0421875
10 0.60234375 0.75859375 0.0234375 0.05
10 0.09765625 0.67421875 0.02734375 0.05
10 0.65859375 0.88515625 0.05703125 0.0203125
28 0.8578125 0.8859375 0.11015625 0.021875
2 0.97890625 0.86796875 0.03359375 0.01875
10 0.9828125 0.8375 0.03125 0.0390625
20 0.4328125 0.63125 0.03125 0.0203125
14 0.25546875 0.5859375 0.31015625 0.071875
21 0.2515625 0.5671875 0.05703125 0.0390625
21 0.16875 0.4765625 0.04375 0.0421875
21 0.33125 0.475 0.040625 0.03359375
21 0.684375 0.309375 0.04453125 0.03671875
21 0.88828125 0.38125 0.04453125 0.0390625
21 0.8875 0.30703125 0.0515625 0.040625
31 0.43125 0.6 0.02890625 0.02890625
20 0.43828125 0.54921875 0.03359375 0.0203125
30 0.1078125 0.44609375 0.05 0.03125
3 0.24921875 0.47890625 0.05 0.02890625
27 0.43515625 0.44765625 0.0390625 0.02890625
20 0.42421875 0.4140625 0.040625 0.02421875
37 0.10703125 0.32109375 0.0421875 0.04765625
37 0.10859375 0.15859375 0.04375 0.0515625
28 0.38046875 0.1171875 0.17109375 0.01875
32 0.665625 0.18984375 0.02734375 0.0203125
2 0.66484375 0.2078125 0.03125 0.01640625
10 0.66640625 0.1640625 0.03125 0.03671875
20 0.56875 0.34609375 0.03671875 0.03671875
14 0.6765625 0.38828125 0.18203125 0.084375
23 0.6015625 0.5703125 0.0515625 0.0390625
20 0.62265625 0.60625 0.04765625 0.021875
28 0.71640625 0.5421875 0.103125 0.01640625
28 0.77734375 0.4765625 0.021875 0.0421875
3 0.78125 0.309375 0.0515625 0.03359375
30 0.796875 0.40859375 0.04765625 0.02734375
10 0.83828125 0.63046875 0.0625 0.021875
20 0.77578125 0.634375 0.040625 0.02421875