22 0.3515625 0.50390625 0.040625 0.0375
22 0.68359375 0.72734375 0.0515625 0.03671875
22 0.296875 0.696875 0.06015625 0.034375
21 0.7859375 0.26484375 0.04296875 0.03125
21 0.78515625 0.36875 0.0390625 0.0375
21 0.784375 0.4921875 0.04296875 0.04375
21 0.5828125 0.26484375 0.0375 0.034375
21 0.5859375 0.37265625 0.02890625 0.04765625
21 0.58203125 0.4953125 0.040625 0.0375
21 0.41015625 0.1734375 0.046875 0.03515625
21 0.27421875 0.175 0.0328125 0.0328125
21 0.2734375 0.32265625 0.040625 0.040625
21 0.41171875 0.3234375 0.03515625 0.034375
21 0.29921875 0.4265625 0.03671875 0.03671875
10 0.925 0.709375 0.02109375 0.03046875
2 0.91328125 0.73359375 0.0453125 0.01875
7 0.9171875 0.76328125 0.03125 0.03046875
10 0.89140625 0.8984375 0.04921875 0.01640625
28 0.6859375 0.95078125 0.1578125 0.01796875
0 0.47109375 0.89765625 0.02734375 0.02109375
16 0.39609375 0.84609375 0.01875 0.04140625
13 0.36875 0.809375 0.02890625 0.04140625
12 0.13125 0.746875 0.025 0.0453125
20 0.44921875 0.65 0.0265625 0.0203125
33 0.44921875 0.66875 0.0265625 0.01796875
10 0.446875 0.6890625 0.02265625 0.02734375
28 0.5921875 0.55703125 0.11328125 0.01875
10 0.88984375 0.55703125 0.05390625 0.01640625
31 0.41796875 0.69453125 0.02265625 0.02421875
28 0.41484375 0.73359375 0.02890625 0.0515625
20 0.403125 0.76171875 0.0328125 0.01875
20 0.36796875 0.76171875 0.02734375 0.01875
13 0.53046875 0.06328125 0.02890625 0.0390625
10 0.53359375 0.078125 0.04375 0.01796875
20 0.5515625 0.1140625 0.0328125 0.02421875
37 0.515625 0.115625 0.05390625 0.0265625
39 0.4125 0.125 0.0265625 0.0203125
25 0.375 0.075 0.05 0.034375
4 0.34765625 0.16640625 0.0375 0.03515625
17 0.23125 0.1171875 0.0515625 0.02265625
37 0.1890625 0.1703125 0.0328125 0.040625
18 0.1875 0.19609375 0.03046875 0.02890625
23 0.390625 0.60546875 0.0328125 0.02890625
27 0.4140625 0.55234375 0.02421875 0.02109375
2 0.18828125 0.47890625 0.02890625 0.02890625
10 0.225 0.475 0.03671875 0.02265625
33 0.2578125 0.47890625 0.03125 0.02890625
3 0.2296875 0.43515625 0.034375 0.0265625
28 0.41640625 0.44296875 0.02421875 0.0328125
20 0.409375 0.4765625 0.03046875 0.01875
20 0.4484375 0.4625 0.025 0.02890625
10 0.4484375 0.4109375 0.02265625 0.02890625
7 0.45390625 0.390625 0.034375 0.01484375
2 0.45 0.371875 0.02734375 0.02421875
10 0.85234375 0.5375 0.04765625 0.01796875
26 0.18671875 0.3734375 0.03125 0.02890625
10 0.184375 0.3484375 0.02421875 0.03125
29 0.196875 0.2453125 0.04140625 0.0390625
24 0.12734375 0.159375 0.025 0.03671875
28 0.9234375 0.16171875 0.03125 0.084375
28 0.68671875 0.53828125 0.13359375 0.01640625
8 0.18046875 0.73125 0.02265625 0.046875