22 0.64609375 0.4984375 0.040625 0.03828125
22 0.3109375 0.72421875 0.05234375 0.03671875
22 0.70078125 0.69375 0.0609375 0.034375
21 0.20703125 0.2578125 0.04296875 0.03203125
21 0.2078125 0.3625 0.0390625 0.03828125
21 0.20859375 0.48671875 0.04296875 0.04453125
21 0.4125 0.2578125 0.03828125 0.034375
21 0.409375 0.36640625 0.02890625 0.0484375
21 0.41328125 0.48984375 0.040625 0.03828125
21 0.5875 0.165625 0.046875 0.0359375
21 0.72421875 0.16640625 0.0328125 0.0328125
21 0.725 0.315625 0.040625 0.040625
21 0.58515625 0.31640625 0.0359375 0.034375
21 0.69921875 0.4203125 0.03671875 0.03671875
10 0.06640625 0.70625 0.021875 0.03046875
2 0.07890625 0.73125 0.04609375 0.01875
7 0.07421875 0.7609375 0.03203125 0.03046875
10 0.10078125 0.89765625 0.05 0.01640625
28 0.30859375 0.95 0.159375 0.01796875
0 0.52578125 0.89609375 0.028125 0.021875
16 0.60078125 0.84453125 0.01875 0.0421875
13 0.62890625 0.80703125 0.02890625 0.0421875
12 0.86875 0.74453125 0.02578125 0.04609375
20 0.54765625 0.64609375 0.0265625 0.0203125
33 0.54765625 0.665625 0.0265625 0.01796875
10 0.55 0.6859375 0.02265625 0.028125
28 0.403125 0.553125 0.11484375 0.01875
10 0.10234375 0.553125 0.0546875 0.01640625
31 0.57890625 0.69140625 0.02265625 0.02421875
28 0.58203125 0.73125 0.02890625 0.05234375
20 0.59453125 0.75859375 0.0328125 0.01875
20 0.6296875 0.75859375 0.028125 0.01875
13 0.46484375 0.05390625 0.02890625 0.0390625
10 0.4625 0.06875 0.04453125 0.01796875
20 0.44375 0.1046875 0.0328125 0.02421875
37 0.48046875 0.10625 0.0546875 0.0265625
39 0.584375 0.115625 0.0265625 0.0203125
25 0.621875 0.065625 0.05078125 0.034375
4 0.65 0.1578125 0.03828125 0.0359375
17 0.76796875 0.1078125 0.05234375 0.02265625
37 0.81015625 0.16171875 0.0328125 0.040625
18 0.81171875 0.1875 0.03046875 0.02890625
23 0.60703125 0.60078125 0.0328125 0.02890625
27 0.58359375 0.54765625 0.02421875 0.021875
2 0.8109375 0.47421875 0.02890625 0.02890625
10 0.77421875 0.46953125 0.03671875 0.02265625
33 0.74140625 0.47421875 0.03203125 0.02890625
3 0.76875 0.4296875 0.034375 0.0265625
28 0.58046875 0.4375 0.02421875 0.0328125
20 0.5875 0.47109375 0.03046875 0.01875
20 0.5484375 0.45703125 0.02578125 0.02890625
10 0.5484375 0.40546875 0.02265625 0.02890625
7 0.54296875 0.384375 0.034375 0.015625
2 0.546875 0.365625 0.028125 0.02421875
10 0.13984375 0.5328125 0.0484375 0.01796875
26 0.8125 0.3671875 0.03203125 0.02890625
10 0.81484375 0.34140625 0.02421875 0.03203125
29 0.80234375 0.2375 0.0421875 0.0390625
24 0.87265625 0.15078125 0.02578125 0.03671875
28 0.06796875 0.153125 0.03203125 0.08515625
28 0.3078125 0.53359375 0.13515625 0.01640625
8 0.81953125 0.728125 0.02265625 0.046875