22 0.3625 0.521875 0.04296875 0.040625
22 0.71796875 0.28203125 0.05546875 0.0390625
22 0.30390625 0.3140625 0.06484375 0.03671875
21 0.828125 0.77734375 0.04609375 0.03359375
21 0.82734375 0.66640625 0.0421875 0.040625
21 0.82734375 0.534375 0.04609375 0.04765625
21 0.6109375 0.77734375 0.040625 0.03671875
21 0.6140625 0.6625 0.03125 0.0515625
21 0.609375 0.53125 0.04296875 0.040625
21 0.425 0.87578125 0.05 0.0375
21 0.2796875 0.87421875 0.03515625 0.03515625
21 0.278125 0.71640625 0.04296875 0.04296875
21 0.42734375 0.715625 0.0375 0.03671875
21 0.30625 0.6046875 0.0390625 0.0390625
10 0.97734375 0.3015625 0.02265625 0.0328125
2 0.96484375 0.275 0.0484375 0.0203125
7 0.96953125 0.24296875 0.03359375 0.0328125
10 0.94140625 0.09765625 0.05234375 0.0171875
28 0.72109375 0.0421875 0.16875 0.01875
0 0.490625 0.09921875 0.0296875 0.02265625
16 0.41015625 0.1546875 0.0203125 0.04453125
13 0.38046875 0.19375 0.03125 0.04453125
12 0.12578125 0.2609375 0.02734375 0.0484375
20 0.4671875 0.36484375 0.028125 0.021875
33 0.4671875 0.34453125 0.028125 0.01875
10 0.46484375 0.32265625 0.02421875 0.0296875
28 0.6203125 0.4640625 0.121875 0.0203125
10 0.93984375 0.4640625 0.0578125 0.0171875
31 0.43359375 0.3171875 0.02421875 0.02578125
28 0.43046875 0.275 0.03125 0.05546875
20 0.4171875 0.2453125 0.03515625 0.0203125
20 0.3796875 0.2453125 0.0296875 0.0203125
13 0.5546875 0.98671875 0.03125 0.0265625
10 0.5578125 0.978125 0.04765625 0.01875
20 0.57734375 0.93984375 0.03515625 0.02578125
37 0.53828125 0.93828125 0.0578125 0.028125
39 0.42734375 0.928125 0.028125 0.021875
25 0.38828125 0.98203125 0.0546875 0.0359375
4 0.3578125 0.88359375 0.040625 0.0375
17 0.2328125 0.93671875 0.05546875 0.02421875
37 0.1875 0.8796875 0.03515625 0.04296875
18 0.18671875 0.85234375 0.0328125 0.03125
23 0.40390625 0.4125 0.03515625 0.03125
27 0.42890625 0.46953125 0.02578125 0.02265625
2 0.1875 0.54765625 0.03125 0.03125
10 0.2265625 0.55234375 0.0390625 0.02421875
33 0.26171875 0.54765625 0.03359375 0.03125
3 0.23203125 0.5953125 0.03671875 0.028125
28 0.43203125 0.58671875 0.02578125 0.03515625
20 0.42421875 0.55078125 0.0328125 0.0203125
20 0.46640625 0.565625 0.02734375 0.03125
10 0.46640625 0.62109375 0.02421875 0.03125
7 0.47265625 0.64296875 0.03671875 0.01640625
2 0.4671875 0.6625 0.0296875 0.02578125
10 0.9 0.48515625 0.0515625 0.01875
26 0.1859375 0.66171875 0.03359375 0.03125
10 0.1828125 0.68828125 0.02578125 0.03359375
29 0.196875 0.79921875 0.04453125 0.0421875
24 0.121875 0.89140625 0.02734375 0.0390625
28 0.9765625 0.88828125 0.03359375 0.090625
28 0.721875 0.484375 0.14296875 0.0171875
8 0.178125 0.27734375 0.02421875 0.05