22 0.22421875 0.71953125 0.0578125 0.03125
22 0.70625 0.7171875 0.04140625 0.03515625
22 0.43046875 0.5234375 0.040625 0.0390625
22 0.25625 0.22421875 0.05390625 0.03671875
22 0.72421875 0.24375 0.06015625 0.03359375
28 0.2578125 0.86015625 0.12890625 0.01796875
10 0.06015625 0.84140625 0.02578125 0.040625
10 0.059375 0.66796875 0.021875 0.0484375
10 0.46640625 0.796875 0.01953125 0.04296875
20 0.25390625 0.58203125 0.02734375 0.01796875
30 0.06953125 0.55078125 0.04140625 0.03125
21 0.0734375 0.515625 0.0453125 0.0390625
21 0.1828125 0.52421875 0.03671875 0.03515625
21 0.071875 0.4265625 0.04140625 0.03671875
21 0.184375 0.428125 0.03125 0.03359375
21 0.7640625 0.5171875 0.040625 0.03359375
21 0.87890625 0.5140625 0.03515625 0.0484375
21 0.81875 0.43203125 0.04140625 0.03671875
3 0.1046875 0.45703125 0.03671875 0.0234375
14 0.12578125 0.38046875 0.215625 0.06640625
20 0.25 0.475 0.021875 0.03359375
31 0.25 0.43984375 0.021875 0.02890625
20 0.25 0.359375 0.021875 0.0328125
10 0.03046875 0.30234375 0.01953125 0.040625
10 0.03359375 0.13671875 0.02578125 0.040625
28 0.2390625 0.10546875 0.11484375 0.021875
2 0.4765625 0.2359375 0.03125 0.0234375
10 0.4828125 0.21328125 0.0234375 0.02734375
10 0.5078125 0.24609375 0.01796875 0.0375
28 0.734375 0.10546875 0.11640625 0.02109375
10 0.9421875 0.153125 0.0171875 0.04296875
10 0.94140625 0.3234375 0.01796875 0.04921875
28 0.4359375 0.55546875 0.0625 0.01953125
20 0.48984375 0.553125 0.02578125 0.02734375
2 0.5 0.8453125 0.02578125 0.025
7 0.5015625 0.828125 0.03671875 0.0140625
10 0.49609375 0.8078125 0.02890625 0.02734375
23 0.58125 0.728125 0.04140625 0.03359375
28 0.71953125 0.8609375 0.13046875 0.0171875
37 0.91171875 0.821875 0.025 0.0328125
37 0.9109375 0.653125 0.02734375 0.0296875
33 0.9125 0.6296875 0.02109375 0.021875
20 0.6234375 0.58125 0.03515625 0.01953125
10 0.68046875 0.578125 0.04140625 0.015625
23 0.5234375 0.52265625 0.0390625 0.03515625
27 0.6171875 0.5109375 0.02734375 0.02734375
14 0.684375 0.5203125 0.10546875 0.103125
20 0.62109375 0.375 0.0328125 0.021875
3 0.8828125 0.4390625 0.0328125 0.0296875
30 0.9125 0.54921875 0.0390625 0.0328125
20 0.871875 0.584375 0.03359375 0.02734375