22 0.72890625 0.67421875 0.0609375 0.0328125
22 0.21953125 0.671875 0.04453125 0.0375
22 0.51171875 0.4671875 0.04296875 0.04140625
22 0.6953125 0.15078125 0.05625 0.0390625
22 0.2 0.17109375 0.06328125 0.0359375
28 0.69375 0.8234375 0.13671875 0.01953125
10 0.903125 0.803125 0.02734375 0.04296875
10 0.90390625 0.61953125 0.0234375 0.05078125
10 0.4734375 0.75625 0.02109375 0.0453125
20 0.6984375 0.52890625 0.02890625 0.01953125
30 0.89375 0.49609375 0.04453125 0.0328125
21 0.8890625 0.45859375 0.0484375 0.04140625
21 0.7734375 0.4671875 0.0390625 0.0375
21 0.890625 0.36484375 0.04453125 0.0390625
21 0.771875 0.36640625 0.0328125 0.0359375
21 0.1578125 0.46015625 0.04296875 0.0359375
21 0.03671875 0.45625 0.0375 0.05078125
21 0.10078125 0.3703125 0.04453125 0.0390625
3 0.85625 0.39609375 0.0390625 0.025
14 0.83359375 0.315625 0.228125 0.0703125
20 0.70234375 0.415625 0.0234375 0.0359375
31 0.70234375 0.378125 0.0234375 0.03046875
20 0.70234375 0.29375 0.0234375 0.034375
10 0.934375 0.2328125 0.02109375 0.04296875
10 0.93125 0.05703125 0.02734375 0.04296875
28 0.7140625 0.02421875 0.121875 0.0234375
2 0.4625 0.16328125 0.0328125 0.025
10 0.45546875 0.1390625 0.025 0.02890625
10 0.4296875 0.1734375 0.01953125 0.03984375
28 0.18984375 0.025 0.12265625 0.021875
28 0.50546875 0.50078125 0.06640625 0.02109375
20 0.44921875 0.49765625 0.02734375 0.02890625
2 0.4375 0.80703125 0.02734375 0.0265625
7 0.43671875 0.7890625 0.0390625 0.01484375
10 0.4421875 0.7671875 0.03046875 0.02890625
23 0.35234375 0.68359375 0.04453125 0.0359375
28 0.20546875 0.82421875 0.13828125 0.01796875
37 0.0078125 0.7828125 0.01484375 0.034375
37 0.009375 0.6046875 0.01875 0.03125
33 0.00625 0.5796875 0.0125 0.0234375
20 0.30703125 0.528125 0.0375 0.02109375
10 0.246875 0.525 0.04453125 0.01640625
23 0.41328125 0.46640625 0.04140625 0.0375
27 0.3140625 0.45390625 0.02890625 0.02890625
14 0.2421875 0.46328125 0.11171875 0.109375
20 0.31015625 0.31015625 0.034375 0.0234375
3 0.0328125 0.378125 0.034375 0.03203125
30 0.0109375 0.49375 0.021875 0.034375
20 0.04453125 0.53125 0.0359375 0.02890625