22 0.24453125 0.284375 0.05703125 0.03125
22 0.72109375 0.2859375 0.04140625 0.03515625
22 0.44765625 0.478125 0.03984375 0.0390625
22 0.27578125 0.77421875 0.053125 0.0359375
22 0.7390625 0.7546875 0.059375 0.03359375
28 0.27734375 0.14453125 0.128125 0.01796875
10 0.08125 0.16328125 0.02578125 0.03984375
10 0.08046875 0.33515625 0.021875 0.04765625
10 0.48359375 0.20703125 0.01953125 0.04296875
20 0.2734375 0.41953125 0.02734375 0.01796875
30 0.090625 0.45078125 0.04140625 0.03125
21 0.0953125 0.4859375 0.0453125 0.0390625
21 0.203125 0.47734375 0.0359375 0.03515625
21 0.09296875 0.5734375 0.04140625 0.0359375
21 0.20390625 0.57265625 0.03125 0.03359375
21 0.778125 0.484375 0.03984375 0.03359375
21 0.8921875 0.4875 0.03515625 0.04765625
21 0.83203125 0.56875 0.04140625 0.0359375
3 0.125 0.54375 0.0359375 0.0234375
14 0.146875 0.61953125 0.21328125 0.065625
20 0.26953125 0.52578125 0.021875 0.03359375
31 0.26953125 0.5609375 0.021875 0.028125
20 0.26953125 0.63984375 0.021875 0.03203125
10 0.05234375 0.696875 0.01953125 0.03984375
10 0.05546875 0.8609375 0.02578125 0.03984375
28 0.25859375 0.8921875 0.1140625 0.021875
2 0.49375 0.7625 0.03125 0.0234375
10 0.5 0.78515625 0.0234375 0.02734375
10 0.52421875 0.75234375 0.01796875 0.0375
28 0.7484375 0.89140625 0.11484375 0.0203125
10 0.95390625 0.84453125 0.01640625 0.04296875
10 0.953125 0.67578125 0.01796875 0.04921875
28 0.453125 0.44609375 0.06171875 0.01953125
20 0.50625 0.44921875 0.02578125 0.02734375
2 0.51640625 0.159375 0.02578125 0.02421875
7 0.51796875 0.1765625 0.0359375 0.0140625
10 0.51328125 0.196875 0.028125 0.02734375
23 0.596875 0.275 0.04140625 0.03359375
28 0.73359375 0.14375 0.12890625 0.01640625
37 0.92421875 0.1828125 0.02421875 0.03203125
37 0.9234375 0.34921875 0.02734375 0.0296875
33 0.925 0.37265625 0.0203125 0.021875
20 0.6390625 0.4203125 0.03515625 0.01953125
10 0.6953125 0.4234375 0.04140625 0.015625
23 0.53984375 0.47890625 0.0390625 0.03515625
27 0.6328125 0.490625 0.02734375 0.02734375
14 0.7 0.48125 0.1046875 0.10234375
20 0.6359375 0.625 0.03203125 0.021875
3 0.89609375 0.56171875 0.03203125 0.0296875
30 0.925 0.453125 0.0390625 0.03203125
20 0.88515625 0.41796875 0.03359375 0.02734375