3 0.51796875 0.9140625 0.03046875 0.03984375
21 0.5984375 0.9328125 0.05 0.0703125
30 0.7296875 0.965625 0.03984375 0.0578125
21 0.60390625 0.80078125 0.0453125 0.046875
10 0.69609375 0.740625 0.06875 0.025
28 0.69375 0.7390625 0.11875 0.021875
14 0.73515625 0.81015625 0.034375 0.11171875
14 0.6703125 0.7578125 0.12265625 0.01484375
20 0.59921875 0.7359375 0.0359375 0.03046875
22 0.6 0.5734375 0.05390625 0.0578125
22 0.6015625 0.22265625 0.05078125 0.05234375
22 0.17265625 0.60859375 0.05546875 0.05390625
10 0.3375 0.42421875 0.05390625 0.05546875
10 0.803125 0.5125 0.02890625 0.05546875
10 0.79765625 0.3 0.0375 0.071875
10 0.40625 0.21796875 0.03046875 0.0578125
7 0.40234375 0.25859375 0.0484375 0.02890625
2 0.40859375 0.29140625 0.04140625 0.04453125
28 0.60390625 0.06328125 0.12421875 0.01953125
23 0.496875 0.54140625 0.04140625 0.04140625
23 0.1 0.68515625 0.03984375 0.04453125
28 0.0390625 0.7109375 0.0234375 0.09375
31 0.30078125 0.7625 0.02109375 0.0359375
20 0.2921875 0.76484375 0.02890625 0.0578125
20 0.33125 0.6359375 0.0359375 0.04296875