3 0.490625 0.09765625 0.03046875 0.040625
21 0.409375 0.078125 0.05 0.07109375
30 0.27734375 0.04609375 0.040625 0.05859375
21 0.403125 0.2109375 0.04609375 0.046875
10 0.3109375 0.271875 0.06953125 0.025
28 0.3140625 0.2734375 0.11953125 0.021875
14 0.271875 0.20234375 0.034375 0.1125
14 0.33671875 0.2546875 0.1234375 0.015625
20 0.40859375 0.2765625 0.0359375 0.03046875
22 0.4078125 0.440625 0.05390625 0.05859375
22 0.40625 0.79296875 0.0515625 0.053125
22 0.8375 0.4046875 0.05546875 0.05390625
10 0.671875 0.590625 0.05390625 0.05546875
10 0.203125 0.5015625 0.02890625 0.05546875
10 0.209375 0.715625 0.0375 0.071875
10 0.603125 0.796875 0.03046875 0.05859375
7 0.60625 0.75625 0.0484375 0.02890625
2 0.6 0.7234375 0.04140625 0.04453125
28 0.40390625 0.953125 0.125 0.01953125
23 0.5109375 0.471875 0.04140625 0.04140625
23 0.91015625 0.328125 0.040625 0.04453125
28 0.971875 0.3015625 0.0234375 0.09453125
31 0.709375 0.25 0.02109375 0.0359375
20 0.7171875 0.246875 0.02890625 0.05859375
20 0.678125 0.37734375 0.0359375 0.04296875