3 0.44609375 0.14921875 0.028125 0.03671875
21 0.371875 0.13125 0.04609375 0.06484375
30 0.25 0.10078125 0.03671875 0.05390625
21 0.36640625 0.253125 0.0421875 0.04375
10 0.28125 0.309375 0.0640625 0.02265625
28 0.28359375 0.3109375 0.11015625 0.0203125
14 0.24453125 0.24453125 0.03203125 0.10390625
14 0.3046875 0.29375 0.1140625 0.0140625
20 0.37109375 0.31328125 0.03359375 0.028125
22 0.3703125 0.4640625 0.05 0.05390625
22 0.36875 0.7890625 0.04765625 0.0484375
22 0.765625 0.43125 0.05078125 0.05
10 0.61328125 0.60234375 0.05 0.05078125
10 0.18203125 0.5203125 0.0265625 0.05078125
10 0.1875 0.7171875 0.034375 0.06640625
10 0.55 0.79296875 0.028125 0.05390625
7 0.553125 0.75546875 0.04453125 0.0265625
2 0.54765625 0.725 0.03828125 0.040625
28 0.3671875 0.9359375 0.11484375 0.01796875
23 0.465625 0.49375 0.03828125 0.03828125
23 0.8328125 0.3609375 0.03671875 0.040625
28 0.8890625 0.3359375 0.021875 0.08671875
31 0.64765625 0.2890625 0.01953125 0.03359375
20 0.65546875 0.28671875 0.0265625 0.05390625
20 0.61875 0.40625 0.03359375 0.03984375