28 0.92890625 0.10625 0.071875 0.015625
10 0.8453125 0.1046875 0.03203125 0.01796875
28 0.71015625 0.1046875 0.0375 0.015625
20 0.81015625 0.184375 0.02109375 0.02109375
2 0.81484375 0.234375 0.015625 0.03046875
10 0.81484375 0.26171875 0.0265625 0.0265625
7 0.81484375 0.284375 0.02109375 0.01953125
20 0.8125 0.33984375 0.01953125 0.0265625
22 0.921875 0.26171875 0.0265625 0.0375
22 0.71640625 0.17578125 0.03359375 0.0234375
23 0.76171875 0.40703125 0.02890625 0.025
20 0.79296875 0.43515625 0.01640625 0.01796875
27 0.79140625 0.45546875 0.01640625 0.01953125
20 0.975 0.421875 0.025 0.01796875
30 0.86953125 0.578125 0.01953125 0.034375
14 0.828125 0.5359375 0.05859375 0.11953125
3 0.9671875 0.54453125 0.01796875 0.028125
21 0.946875 0.5015625 0.025 0.025
21 0.878125 0.5 0.021875 0.03046875
28 0.7046875 0.58359375 0.05703125 0.01640625
22 0.70546875 0.54453125 0.025 0.0359375
28 0.50390625 0.015625 0.0890625 0.0125
10 0.621875 0.0921875 0.0125 0.040625
10 0.6203125 0.24453125 0.015625 0.0390625
10 0.3859375 0.0671875 0.0140625 0.034375
10 0.446875 0.309375 0.03359375 0.0125
22 0.5 0.1640625 0.021875 0.03359375
20 0.51875 0.32421875 0.01796875 0.0234375
21 0.48203125 0.3578125 0.021875 0.04296875
21 0.4078125 0.35859375 0.0234375 0.03359375
21 0.41015625 0.4515625 0.02109375 0.0390625
21 0.478125 0.45078125 0.025 0.034375
21 0.48046875 0.540625 0.01953125 0.04453125
3 0.4453125 0.375 0.015625 0.03046875
30 0.38984375 0.48046875 0.0234375 0.025
20 0.52109375 0.49921875 0.01953125 0.03203125
20 0.425 0.6046875 0.03046875 0.01796875
22 0.5484375 0.640625 0.028125 0.034375
23 0.54453125 0.54921875 0.0359375 0.03203125
31 0.6203125 0.58671875 0.0265625 0.0125
14 0.40078125 0.5453125 0.05390625 0.10703125
28 0.24765625 0.44296875 0.05390625 0.01953125
10 0.3203125 0.47890625 0.034375 0.0140625
10 0.11640625 0.5703125 0.025 0.04296875
10 0.1140625 0.721875 0.0109375 0.05
10 0.3234375 0.8125 0.0359375 0.021875
28 0.25390625 0.81015625 0.06640625 0.02109375
22 0.25234375 0.646875 0.02890625 0.040625
22 0.48203125 0.83203125 0.03359375 0.03359375
20 0.51875 0.70078125 0.02109375 0.015625
10 0.496875 0.70234375 0.02890625 0.01796875
10 0.3875 0.75234375 0.01953125 0.034375
10 0.38828125 0.909375 0.015625 0.03046875
10 0.57578125 0.940625 0.0234375 0.03046875
2 0.58125 0.9171875 0.02109375 0.01796875
28 0.4796875 0.9625 0.0734375 0.021875