37 0.0359375 0.64453125 0.01953125 0.03203125
37 0.0390625 0.79140625 0.025 0.03046875
33 0.03515625 0.8171875 0.01796875 0.0234375
28 0.1421875 0.87890625 0.071875 0.01484375
10 0.22578125 0.88046875 0.03203125 0.01796875
28 0.36015625 0.88046875 0.0375 0.01484375
20 0.26015625 0.8015625 0.02109375 0.02109375
2 0.25625 0.7515625 0.01484375 0.03046875
10 0.25625 0.72421875 0.0265625 0.0265625
7 0.25625 0.7015625 0.02109375 0.01953125
20 0.25859375 0.646875 0.01953125 0.0265625
22 0.15 0.72421875 0.0265625 0.0375
22 0.35390625 0.81015625 0.0328125 0.0234375
23 0.30859375 0.58046875 0.02890625 0.025
20 0.27734375 0.5515625 0.01640625 0.01796875
27 0.27890625 0.53203125 0.01640625 0.01953125
20 0.096875 0.565625 0.025 0.01796875
30 0.2015625 0.409375 0.01953125 0.034375
14 0.24296875 0.4515625 0.0578125 0.11875
3 0.10390625 0.44375 0.01796875 0.02734375
21 0.0515625 0.4875 0.0234375 0.0328125
21 0.12421875 0.4859375 0.025 0.025
21 0.19375 0.4875 0.021875 0.03046875
28 0.365625 0.4046875 0.05625 0.01640625
22 0.36484375 0.44375 0.025 0.0359375
28 0.56484375 0.96875 0.08828125 0.0125
10 0.4484375 0.89296875 0.0125 0.03984375
10 0.44921875 0.74140625 0.01484375 0.0390625
10 0.68203125 0.91796875 0.0140625 0.034375
10 0.621875 0.67734375 0.0328125 0.0125
22 0.56875 0.821875 0.021875 0.0328125
20 0.55078125 0.6625 0.01796875 0.0234375
21 0.58671875 0.62890625 0.021875 0.04296875
21 0.6609375 0.628125 0.0234375 0.0328125
21 0.6578125 0.5359375 0.02109375 0.0390625
21 0.59140625 0.53671875 0.025 0.034375
21 0.58828125 0.44765625 0.01953125 0.04453125
3 0.6234375 0.61171875 0.01484375 0.03046875
30 0.67890625 0.50703125 0.0234375 0.025
20 0.5484375 0.48828125 0.01953125 0.03203125
20 0.64375 0.38359375 0.03046875 0.01796875
22 0.52109375 0.34765625 0.02734375 0.034375
23 0.525 0.43828125 0.0359375 0.03203125
31 0.44921875 0.4015625 0.0265625 0.0125
14 0.66796875 0.44296875 0.05390625 0.10625
28 0.81953125 0.54453125 0.05390625 0.01953125
10 0.74765625 0.50859375 0.034375 0.0140625
10 0.95 0.41796875 0.025 0.04296875
10 0.953125 0.26640625 0.0109375 0.05
10 0.74453125 0.1765625 0.0359375 0.021875
28 0.81328125 0.17890625 0.06640625 0.02109375
22 0.815625 0.3421875 0.02890625 0.03984375
22 0.58671875 0.1578125 0.0328125 0.0328125
20 0.55078125 0.28828125 0.02109375 0.01484375
10 0.57265625 0.28671875 0.02890625 0.01796875
10 0.68125 0.23671875 0.01953125 0.034375
10 0.68046875 0.08046875 0.01484375 0.03046875
10 0.49375 0.05 0.0234375 0.03046875
2 0.48828125 0.07265625 0.02109375 0.01796875
28 0.5890625 0.02734375 0.0734375 0.021875