37 0.04296875 0.60234375 0.01796875 0.02890625
37 0.04609375 0.73828125 0.02265625 0.028125
33 0.04296875 0.76171875 0.01640625 0.021875
28 0.14140625 0.81875 0.06640625 0.0140625
10 0.21796875 0.8203125 0.02890625 0.01640625
28 0.34140625 0.8203125 0.034375 0.0140625
20 0.25 0.74765625 0.01875 0.01875
2 0.24609375 0.70078125 0.0140625 0.028125
10 0.24609375 0.6765625 0.02421875 0.02421875
7 0.24609375 0.65546875 0.01875 0.01796875
20 0.2484375 0.6046875 0.01796875 0.02421875
22 0.1484375 0.6765625 0.02421875 0.034375
22 0.3359375 0.75546875 0.03046875 0.021875
23 0.29453125 0.54296875 0.0265625 0.02265625
20 0.265625 0.5171875 0.015625 0.01640625
27 0.2671875 0.4984375 0.015625 0.01796875
20 0.09921875 0.5296875 0.02265625 0.01640625
30 0.19609375 0.3859375 0.01796875 0.03203125
14 0.234375 0.425 0.053125 0.109375
3 0.10625 0.4171875 0.01640625 0.02578125
21 0.0578125 0.4578125 0.021875 0.03046875
21 0.125 0.45703125 0.02265625 0.02265625
21 0.18828125 0.4578125 0.0203125 0.028125
28 0.346875 0.38203125 0.05234375 0.015625
22 0.34609375 0.4171875 0.02265625 0.0328125
28 0.53046875 0.9015625 0.08125 0.01171875
10 0.42265625 0.83125 0.01171875 0.03671875
10 0.42421875 0.6921875 0.0140625 0.0359375
10 0.6390625 0.8546875 0.0125 0.03203125
10 0.5828125 0.6328125 0.03046875 0.01171875
22 0.534375 0.765625 0.0203125 0.03046875
20 0.5171875 0.61875 0.01640625 0.021875
21 0.55078125 0.58828125 0.0203125 0.0390625
21 0.61875 0.5875 0.021875 0.03046875
21 0.61640625 0.50234375 0.01875 0.0359375
21 0.5546875 0.503125 0.02265625 0.03203125
21 0.55234375 0.42109375 0.01796875 0.040625
3 0.584375 0.57265625 0.0140625 0.028125
30 0.63515625 0.47578125 0.021875 0.02265625
20 0.515625 0.45859375 0.01796875 0.02890625
20 0.603125 0.36171875 0.028125 0.01640625
22 0.48984375 0.32890625 0.02578125 0.03203125
23 0.49375 0.4125 0.0328125 0.02890625
31 0.42421875 0.378125 0.02421875 0.01171875
14 0.625 0.41640625 0.05 0.09765625
28 0.765625 0.51015625 0.05 0.01796875
10 0.69921875 0.47734375 0.03203125 0.0125
10 0.88515625 0.39375 0.02265625 0.0390625
10 0.88828125 0.2546875 0.01015625 0.04609375
10 0.69609375 0.171875 0.0328125 0.0203125
28 0.759375 0.1734375 0.0609375 0.01875
22 0.76171875 0.3234375 0.0265625 0.03671875
22 0.55078125 0.15390625 0.03046875 0.03046875
20 0.5171875 0.27421875 0.01875 0.0140625
10 0.5375 0.27265625 0.0265625 0.01640625
10 0.6375 0.22734375 0.01796875 0.03203125
10 0.63671875 0.0828125 0.0140625 0.028125
10 0.46484375 0.0546875 0.021875 0.028125
2 0.46015625 0.07578125 0.01875 0.01640625
28 0.553125 0.034375 0.0671875 0.0203125