31 0.05625 0.42890625 0.015625 0.0140625
28 0.05859375 0.4703125 0.0125 0.06796875
19 0.06484375 0.5421875 0.0203125 0.02265625
19 0.065625 0.709375 0.02421875 0.02265625
7 0.05859375 0.765625 0.01015625 0.01796875
10 0.059375 0.78515625 0.0140625 0.0203125
2 0.0609375 0.80234375 0.0140625 0.01640625
28 0.16015625 0.9046875 0.0625 0.01171875
22 0.16328125 0.625 0.0265625 0.02578125
37 0.26015625 0.715625 0.01640625 0.034375
20 0.2625 0.7625 0.01171875 0.021875
19 0.25859375 0.6265625 0.01796875 0.028125
33 0.26171875 0.50859375 0.0140625 0.01796875
37 0.259375 0.5296875 0.01796875 0.0265625
20 0.23515625 0.4890625 0.0125 0.01953125
0 0.27890625 0.83515625 0.01015625 0.0125
31 0.2875 0.83515625 0.01015625 0.015625
20 0.29375 0.83359375 0.01640625 0.015625
28 0.27890625 0.69140625 0.01015625 0.06796875
27 0.284375 0.4984375 0.01953125 0.01640625
2 0.25234375 0.346875 0.0140625 0.02421875
10 0.2515625 0.3171875 0.0125 0.03046875
21 0.35625 0.90703125 0.021875 0.034375
16 0.68671875 0.89765625 0.015625 0.040625
10 0.64765625 0.915625 0.0296875 0.01015625
10 0.46328125 0.915625 0.028125 0.0125
31 0.42109375 0.8359375 0.0140625 0.0140625
23 0.36328125 0.68203125 0.0203125 0.0265625
22 0.55234375 0.8328125 0.02578125 0.034375
20 0.49453125 0.75390625 0.02421875 0.01640625
28 0.5765625 0.7515625 0.06640625 0.0140625
2 0.63203125 0.75546875 0.01640625 0.015625
10 0.646875 0.75546875 0.02265625 0.015625
22 0.4171875 0.71328125 0.02421875 0.0359375
22 0.3125 0.57109375 0.02421875 0.0296875
22 0.34296875 0.3765625 0.03203125 0.0296875
20 0.559375 0.6625 0.0140625 0.02265625
28 0.61875 0.73515625 0.03828125 0.0125
21 0.59296875 0.6828125 0.02578125 0.03046875
21 0.64609375 0.68125 0.02421875 0.0265625
3 0.61796875 0.68203125 0.01796875 0.0265625
20 0.59296875 0.603125 0.0203125 0.0140625
21 0.5265625 0.56875 0.01953125 0.0296875
21 0.6 0.56796875 0.0203125 0.028125
21 0.72265625 0.5671875 0.028125 0.03203125
4 0.63359375 0.565625 0.0265625 0.0265625
10 0.45546875 0.41640625 0.0125 0.034375
10 0.66171875 0.50546875 0.00859375 0.03046875
2 0.66015625 0.47421875 0.0125 0.02265625
21 0.52421875 0.47265625 0.01796875 0.0296875
21 0.59765625 0.47578125 0.01953125 0.0359375
21 0.496875 0.36484375 0.021875 0.02421875
21 0.60234375 0.3640625 0.02265625 0.03046875
20 0.68671875 0.484375 0.01015625 0.02265625
10 0.49921875 0.4140625 0.01953125 0.01640625
18 0.5171875 0.41484375 0.01640625 0.0140625
20 0.5703125 0.41328125 0.02265625 0.0125
8 0.66171875 0.43046875 0.00625 0.03203125
12 0.68359375 0.428125 0.00859375 0.03828125
24 0.8390625 0.5265625 0.01796875 0.0140625
10 0.8046875 0.11796875 0.02578125 0.01171875
20 0.78359375 0.11875 0.01796875 0.01796875
13 0.80078125 0.075 0.03046875 0.0296875
25 0.6515625 0.03984375 0.02421875 0.0203125
36 0.7640625 0.30546875 0.01171875 0.140625
36 0.91015625 0.3078125 0.021875 0.140625
38 0.65 0.41015625 0.03046875 0.00859375
21 0.26484375 0.19921875 0.0203125 0.028125
21 0.346875 0.27578125 0.0296875 0.0296875
21 0.42421875 0.20234375 0.028125 0.03359375
21 0.34609375 0.12421875 0.0265625 0.028125
21 0.49453125 0.1953125 0.02421875 0.03046875
21 0.4984375 0.2796875 0.021875 0.034375
21 0.4984375 0.10703125 0.01953125 0.03046875
21 0.603125 0.1109375 0.03203125 0.0265625
21 0.60390625 0.1953125 0.01953125 0.028125
21 0.60703125 0.27890625 0.02578125 0.03359375
10 0.2625 0.103125 0.028125 0.0140625
10 0.440625 0.06875 0.03984375 0.01015625
13 0.43828125 0.059375 0.02421875 0.02421875
10 0.4390625 0.1015625 0.02421875 0.01171875
20 0.43984375 0.10390625 0.01796875 0.02421875
37 0.66015625 0.31796875 0.0125 0.0265625
26 0.6578125 0.34140625 0.01640625 0.01796875
39 0.6515625 0.234375 0.01640625 0.01953125
29 0.55078125 0.2375 0.02421875 0.02421875
10 0.546875 0.1640625 0.03203125 0.0125
18 0.53671875 0.18515625 0.0125 0.02265625
37 0.659375 0.15078125 0.0140625 0.02265625
18 0.65703125 0.13203125 0.01796875 0.015625
4 0.5484375 0.10625 0.0203125 0.0203125