19 0.996875 0.303125 0.00546875 0.025
28 0.9046875 0.090625 0.06796875 0.0125
22 0.90234375 0.39453125 0.02890625 0.028125
37 0.796875 0.296875 0.01796875 0.0375
20 0.79375 0.2453125 0.0125 0.0234375
19 0.7984375 0.39296875 0.01953125 0.03046875
33 0.7953125 0.52109375 0.015625 0.01953125
37 0.796875 0.49765625 0.01953125 0.02890625
20 0.8234375 0.5421875 0.0140625 0.02109375
0 0.7765625 0.16640625 0.0109375 0.0140625
31 0.76640625 0.16640625 0.0109375 0.01640625
20 0.76015625 0.16796875 0.01796875 0.01640625
28 0.7765625 0.32265625 0.0109375 0.0734375
27 0.7703125 0.5328125 0.02109375 0.01796875
2 0.8046875 0.696875 0.015625 0.0265625
10 0.80546875 0.72890625 0.0140625 0.03359375
21 0.6921875 0.08828125 0.0234375 0.0375
16 0.33359375 0.0984375 0.01640625 0.04453125
10 0.37578125 0.07890625 0.03203125 0.0109375
10 0.5765625 0.07890625 0.03046875 0.0140625
31 0.621875 0.165625 0.015625 0.015625
23 0.684375 0.3328125 0.021875 0.02890625
22 0.47890625 0.16875 0.028125 0.0375
20 0.5421875 0.2546875 0.0265625 0.01796875
28 0.453125 0.2578125 0.071875 0.015625
2 0.3921875 0.253125 0.01796875 0.01640625
10 0.3765625 0.253125 0.025 0.01640625
22 0.62578125 0.2984375 0.0265625 0.0390625
22 0.73984375 0.453125 0.0265625 0.03203125
22 0.70625 0.66484375 0.034375 0.03203125
20 0.471875 0.35390625 0.015625 0.025
28 0.40703125 0.275 0.04140625 0.0140625
21 0.434375 0.33203125 0.028125 0.03359375
21 0.37734375 0.334375 0.0265625 0.02890625
3 0.40859375 0.3328125 0.01953125 0.02890625
20 0.434375 0.41875 0.021875 0.015625
21 0.5078125 0.45625 0.02109375 0.03203125
21 0.428125 0.45703125 0.021875 0.03046875
21 0.29453125 0.4578125 0.03046875 0.034375
4 0.390625 0.459375 0.02890625 0.02890625
10 0.584375 0.621875 0.0140625 0.0375
10 0.36015625 0.525 0.009375 0.03359375
2 0.3625 0.55859375 0.0140625 0.025
21 0.509375 0.56015625 0.01953125 0.03203125
21 0.4296875 0.55703125 0.02109375 0.0390625
21 0.53984375 0.67734375 0.0234375 0.0265625
21 0.425 0.678125 0.025 0.03359375
20 0.33359375 0.546875 0.0109375 0.025
10 0.53671875 0.62421875 0.02109375 0.01796875
18 0.5171875 0.62265625 0.01796875 0.015625
20 0.459375 0.625 0.025 0.0140625
8 0.36015625 0.60625 0.00703125 0.034375
12 0.33671875 0.60859375 0.009375 0.04140625
24 0.16796875 0.50234375 0.01953125 0.015625
10 0.20546875 0.9453125 0.028125 0.0125
20 0.228125 0.94453125 0.01953125 0.01953125
13 0.209375 0.98828125 0.03359375 0.0234375
36 0.24921875 0.74140625 0.0125 0.153125
36 0.090625 0.7390625 0.0234375 0.153125
38 0.3734375 0.628125 0.03359375 0.009375
21 0.79140625 0.85703125 0.021875 0.03046875
21 0.70234375 0.77421875 0.03203125 0.03203125
21 0.61796875 0.85390625 0.03046875 0.0359375
21 0.703125 0.9390625 0.02890625 0.03046875
21 0.5421875 0.8609375 0.0265625 0.03359375
21 0.53828125 0.7703125 0.0234375 0.0375
21 0.53828125 0.95703125 0.02109375 0.03359375
21 0.42421875 0.953125 0.034375 0.02890625
21 0.42265625 0.8609375 0.02109375 0.03046875
21 0.41953125 0.77109375 0.028125 0.0359375
10 0.79453125 0.96171875 0.03046875 0.015625
10 0.6015625 0.996875 0.04375 0.00625
10 0.60234375 0.96328125 0.0265625 0.0125
20 0.6015625 0.96015625 0.01953125 0.0265625
37 0.3625 0.728125 0.0140625 0.02890625
26 0.36484375 0.703125 0.01796875 0.01953125
39 0.371875 0.81875 0.01796875 0.02109375
29 0.48125 0.815625 0.0265625 0.0265625
10 0.48515625 0.89609375 0.034375 0.0140625
18 0.49609375 0.871875 0.0140625 0.025
37 0.36328125 0.909375 0.015625 0.025
18 0.365625 0.93046875 0.01953125 0.01640625
4 0.48359375 0.95859375 0.021875 0.021875