10 0.88203125 0.68515625 0.01875 0.03046875
10 0.88515625 0.55 0.0125 0.034375
7 0.72109375 0.50703125 0.01640625 0.01171875
10 0.7203125 0.52421875 0.0125 0.02265625
2 0.72109375 0.5421875 0.0140625 0.02421875
28 0.80078125 0.4875 0.040625 0.01484375
28 0.68359375 0.48671875 0.04765625 0.0140625
22 0.80390625 0.6125 0.02890625 0.0265625
22 0.59609375 0.55625 0.03046875 0.034375
28 0.74453125 0.76484375 0.0453125 0.01171875
10 0.6796875 0.74453125 0.034375 0.01015625
20 0.72109375 0.62890625 0.01640625 0.02421875
20 0.684375 0.621875 0.01875 0.01484375
23 0.690625 0.59375 0.02890625 0.0265625
23 0.63203125 0.66484375 0.02265625 0.025
21 0.69296875 0.6671875 0.02265625 0.03046875
21 0.57734375 0.6671875 0.02890625 0.02890625
31 0.70703125 0.52421875 0.01171875 0.0203125
20 0.5453125 0.64296875 0.01484375 0.02109375
21 0.51875 0.61171875 0.0203125 0.02890625
21 0.465625 0.61171875 0.02421875 0.03046875
21 0.4921875 0.67734375 0.02109375 0.03046875
3 0.4921875 0.64453125 0.01640625 0.02109375
30 0.4171875 0.59921875 0.01796875 0.02109375
14 0.49140625 0.55859375 0.06796875 0.05703125