10 0.8796875 0.31015625 0.01953125 0.03046875
10 0.8828125 0.44765625 0.0125 0.034375
7 0.715625 0.49140625 0.01640625 0.01171875
10 0.71484375 0.47421875 0.0125 0.0234375
2 0.715625 0.45546875 0.0140625 0.02421875
28 0.796875 0.51171875 0.04140625 0.015625
28 0.67734375 0.5125 0.04921875 0.0140625
22 0.8 0.38359375 0.0296875 0.02734375
22 0.5875 0.44140625 0.03046875 0.034375
28 0.7390625 0.228125 0.04609375 0.01171875
10 0.67265625 0.24921875 0.034375 0.01015625
20 0.715625 0.3671875 0.01640625 0.02421875
20 0.678125 0.37421875 0.01953125 0.015625
23 0.684375 0.403125 0.0296875 0.02734375
23 0.625 0.33046875 0.0234375 0.02578125
21 0.68671875 0.328125 0.0234375 0.03046875
21 0.56875 0.328125 0.0296875 0.0296875
31 0.70078125 0.47421875 0.01171875 0.0203125
20 0.5359375 0.353125 0.015625 0.021875
21 0.509375 0.38515625 0.0203125 0.0296875
21 0.4546875 0.384375 0.02421875 0.03046875
21 0.48125 0.3171875 0.021875 0.03046875
3 0.48125 0.3515625 0.01640625 0.021875
30 0.4046875 0.39765625 0.01796875 0.021875
14 0.48046875 0.4390625 0.06953125 0.0578125