10 0.1078125 0.31953125 0.01875 0.03046875
10 0.1046875 0.45625 0.0125 0.034375
7 0.2703125 0.49921875 0.01640625 0.01171875
10 0.27109375 0.48203125 0.0125 0.02265625
2 0.2703125 0.4640625 0.0140625 0.02421875
28 0.18984375 0.51875 0.040625 0.015625
28 0.3078125 0.51953125 0.0484375 0.0140625
22 0.18671875 0.3921875 0.02890625 0.0265625
22 0.396875 0.45 0.03046875 0.034375
28 0.246875 0.23828125 0.04609375 0.01171875
10 0.3125 0.259375 0.034375 0.01015625
20 0.2703125 0.37578125 0.01640625 0.02421875
20 0.30703125 0.3828125 0.01875 0.015625
23 0.30078125 0.41171875 0.02890625 0.0265625
23 0.36015625 0.33984375 0.02265625 0.02578125
21 0.29921875 0.3375 0.02265625 0.03046875
21 0.415625 0.3375 0.02890625 0.02890625
31 0.284375 0.48203125 0.01171875 0.0203125
20 0.44765625 0.36171875 0.015625 0.021875
21 0.47421875 0.39375 0.0203125 0.02890625
21 0.52890625 0.39296875 0.02421875 0.03046875
21 0.5015625 0.32734375 0.021875 0.03046875
3 0.5015625 0.3609375 0.01640625 0.021875
30 0.57734375 0.40625 0.01796875 0.021875
14 0.50234375 0.446875 0.06875 0.05703125