10 0.1015625 0.76015625 0.0171875 0.04296875
28 0.22734375 0.84296875 0.06015625 0.025
10 0.28984375 0.84296875 0.04453125 0.01953125
22 0.2296875 0.68671875 0.0234375 0.034375
10 0.10703125 0.60859375 0.02734375 0.06015625
10 0.3265625 0.7484375 0.01875 0.04296875
10 0.35703125 0.78671875 0.015625 0.0484375
10 0.35625 0.93671875 0.01953125 0.040625
28 0.446875 0.984375 0.0640625 0.01875
10 0.53515625 0.97109375 0.02265625 0.03671875
2 0.5328125 0.93828125 0.0234375 0.03125
22 0.44765625 0.8609375 0.03125 0.0421875
10 0.4609375 0.73984375 0.0328125 0.01953125
20 0.48515625 0.74453125 0.01953125 0.02734375
22 0.5125 0.68203125 0.02734375 0.03671875
20 0.39375 0.64921875 0.02890625 0.02265625
14 0.37734375 0.58984375 0.059375 0.09609375
21 0.4453125 0.58984375 0.025 0.04296875
23 0.51015625 0.590625 0.0265625 0.0421875
28 0.23046875 0.49453125 0.04609375 0.015625
10 0.296875 0.52734375 0.0390625 0.015625
30 0.36328125 0.52265625 0.03125 0.02265625
21 0.3796875 0.496875 0.02265625 0.03515625
21 0.446875 0.4953125 0.025 0.0328125
21 0.37890625 0.4125 0.025 0.0328125
21 0.44609375 0.4109375 0.02109375 0.0390625
3 0.41171875 0.428125 0.0234375 0.03515625
10 0.41640625 0.3640625 0.0328125 0.0171875
31 0.5796875 0.625 0.02734375 0.01953125
22 0.46875 0.2265625 0.02890625 0.02734375
10 0.35859375 0.13515625 0.0171875 0.03671875
28 0.46875 0.084375 0.07890625 0.01328125
10 0.57578125 0.1484375 0.0140625 0.046875
10 0.57578125 0.29921875 0.01328125 0.0421875
20 0.48359375 0.37578125 0.0171875 0.03046875
28 0.659375 0.625 0.05625 0.0140625
22 0.6578125 0.5875 0.02734375 0.0328125
23 0.70859375 0.45390625 0.02109375 0.0390625
22 0.66875 0.23828125 0.0328125 0.040625
20 0.7578125 0.390625 0.0140625 0.025
10 0.740625 0.28515625 0.01171875 0.040625
7 0.76015625 0.340625 0.01875 0.02265625
10 0.75625 0.31875 0.01875 0.0234375
2 0.76015625 0.296875 0.01953125 0.02890625
28 0.66328125 0.17109375 0.0515625 0.0140625
10 0.78828125 0.17265625 0.025 0.0140625
28 0.8671875 0.1703125 0.08125 0.01015625
22 0.86484375 0.3203125 0.03125 0.0265625
27 0.7390625 0.50078125 0.015625 0.025
20 0.7359375 0.48046875 0.015625 0.02890625
37 0.96796875 0.4390625 0.0140625 0.03515625
37 0.96796875 0.30234375 0.01171875 0.02734375
33 0.965625 0.2796875 0.015625 0.0234375
20 0.91484375 0.4703125 0.02109375 0.025
21 0.81796875 0.546875 0.01875 0.034375
21 0.8859375 0.54375 0.0265625 0.03828125
21 0.95703125 0.54375 0.02265625 0.03828125
3 0.90859375 0.584375 0.03046875 0.02734375
30 0.8140625 0.6203125 0.02734375 0.03046875
20 0.75625 0.240625 0.015625 0.02734375
14 0.76953125 0.58046875 0.05625 0.1140625
20 0.4828125 0.54609375 0.01875 0.034375