10 0.0828125 0.74765625 0.01796875 0.0453125
28 0.21328125 0.834375 0.0625 0.02578125
10 0.27890625 0.834375 0.04609375 0.0203125
22 0.215625 0.67109375 0.02421875 0.03515625
10 0.08828125 0.58984375 0.02890625 0.0625
10 0.3171875 0.7359375 0.01875 0.0453125
10 0.3484375 0.775 0.01640625 0.05078125
10 0.34765625 0.93125 0.0203125 0.0421875
28 0.4421875 0.98125 0.0671875 0.01875
10 0.53359375 0.9671875 0.0234375 0.03828125
2 0.53125 0.9328125 0.02421875 0.0328125
22 0.44296875 0.85234375 0.0328125 0.04375
10 0.45703125 0.72578125 0.034375 0.0203125
20 0.48125 0.73125 0.0203125 0.02890625
22 0.51015625 0.66640625 0.02890625 0.03828125
20 0.38671875 0.63203125 0.0296875 0.0234375
14 0.36953125 0.5703125 0.06171875 0.1
21 0.440625 0.5703125 0.02578125 0.0453125
23 0.5078125 0.57109375 0.02734375 0.04375
28 0.21640625 0.47109375 0.04765625 0.01640625
10 0.28515625 0.50546875 0.040625 0.01640625
30 0.35546875 0.50078125 0.0328125 0.0234375
21 0.37265625 0.4734375 0.0234375 0.03671875
21 0.4421875 0.471875 0.02578125 0.034375
21 0.37109375 0.3859375 0.02578125 0.034375
21 0.44140625 0.38359375 0.021875 0.040625
3 0.40546875 0.40234375 0.02421875 0.03671875
10 0.41015625 0.33515625 0.034375 0.01796875
31 0.5796875 0.60703125 0.02890625 0.0203125
22 0.46484375 0.1921875 0.0296875 0.02890625
10 0.35078125 0.096875 0.01796875 0.03828125
28 0.46484375 0.04375 0.08203125 0.01328125
10 0.57578125 0.1109375 0.01484375 0.04921875
10 0.5765625 0.26796875 0.01328125 0.04375
20 0.48046875 0.34765625 0.01796875 0.03125
28 0.66328125 0.60703125 0.05859375 0.01484375
22 0.66171875 0.56796875 0.02890625 0.034375
23 0.71484375 0.42890625 0.021875 0.040625
22 0.67265625 0.20390625 0.034375 0.0421875
20 0.765625 0.3625 0.01484375 0.02578125
10 0.74765625 0.253125 0.0125 0.0421875
7 0.76796875 0.3109375 0.01875 0.0234375
10 0.76328125 0.28828125 0.01875 0.02421875
2 0.76875 0.26484375 0.0203125 0.0296875
28 0.6671875 0.134375 0.053125 0.01484375
10 0.796875 0.1359375 0.02578125 0.01484375
28 0.8796875 0.13359375 0.084375 0.0109375
22 0.87734375 0.28984375 0.0328125 0.02734375
27 0.74609375 0.47734375 0.01640625 0.02578125
20 0.74296875 0.45625 0.01640625 0.0296875
37 0.984375 0.41328125 0.01484375 0.03671875
37 0.984375 0.27109375 0.0125 0.02890625
33 0.98203125 0.24765625 0.01640625 0.02421875
20 0.92890625 0.44609375 0.021875 0.02578125
21 0.828125 0.52578125 0.01875 0.03515625
21 0.89921875 0.52265625 0.02734375 0.03984375
21 0.9734375 0.52265625 0.0234375 0.03984375
3 0.92265625 0.56484375 0.03125 0.02890625
30 0.82421875 0.6015625 0.02890625 0.03125
20 0.76328125 0.20703125 0.01640625 0.02890625
14 0.778125 0.5609375 0.05859375 0.11875
20 0.4796875 0.52421875 0.01875 0.03515625