36 0.0890625 0.7109375 0.028125 0.146875
36 0.2375 0.71171875 0.03984375 0.14375
13 0.1984375 0.94609375 0.021875 0.02578125
10 0.19453125 0.90390625 0.03203125 0.01953125
20 0.21328125 0.903125 0.0203125 0.01640625
12 0.315625 0.584375 0.01171875 0.04765625
20 0.31328125 0.53359375 0.01171875 0.0234375
24 0.159375 0.48828125 0.02578125 0.01796875
21 0.2828125 0.4453125 0.02578125 0.03984375
25 0.3328125 0.98515625 0.07734375 0.0296875
21 0.396875 0.9109375 0.0203125 0.0359375
16 0.31484375 0.1140625 0.0125 0.0515625
10 0.35390625 0.096875 0.02421875 0.0140625
10 0.5375 0.09921875 0.03359375 0.0125
22 0.4515625 0.17890625 0.03984375 0.02578125
20 0.509375 0.25859375 0.0203125 0.015625
10 0.353125 0.26171875 0.01640625 0.01640625
2 0.371875 0.25859375 0.02734375 0.015625
28 0.42734375 0.26015625 0.06328125 0.01640625
21 0.35703125 0.3328125 0.0203125 0.028125
3 0.38359375 0.33515625 0.01953125 0.0203125
21 0.415625 0.33359375 0.0296875 0.02734375
20 0.44296875 0.3515625 0.0140625 0.021875
28 0.38359375 0.2796875 0.03984375 0.009375
15 0.578125 0.1828125 0.0234375 0.0234375
22 0.58125 0.29921875 0.028125 0.03359375
23 0.6390625 0.334375 0.015625 0.02578125
22 0.690625 0.4484375 0.034375 0.0359375
27 0.71953125 0.51796875 0.01796875 0.0203125
28 0.7234375 0.321875 0.0125 0.07578125
21 0.64609375 0.10859375 0.0296875 0.034375
20 0.70703125 0.18125 0.015625 0.0125
31 0.715625 0.17890625 0.01015625 0.0203125
0 0.72265625 0.18125 0.01015625 0.028125
28 0.84765625 0.11015625 0.0703125 0.01171875
2 0.94375 0.20703125 0.015625 0.02578125
10 0.94296875 0.2296875 0.01953125 0.02578125
7 0.94375 0.25 0.0140625 0.01953125
19 0.93984375 0.3046875 0.01953125 0.04375
20 0.74140625 0.2515625 0.015625 0.0234375
37 0.740625 0.30078125 0.0140625 0.03828125
19 0.74609375 0.3890625 0.021875 0.02421875
19 0.9390625 0.46953125 0.021875 0.03359375
37 0.74140625 0.4859375 0.01015625 0.03359375
33 0.740625 0.5078125 0.0140625 0.015625
22 0.8421875 0.38984375 0.028125 0.03046875
28 0.94453125 0.5453125 0.015625 0.07421875
10 0.9296875 0.60703125 0.02578125 0.0234375
13 0.7984375 0.646875 0.028125 0.02578125
20 0.7703125 0.52734375 0.015625 0.02578125
2 0.7484375 0.66171875 0.0203125 0.028125
7 0.7484375 0.68203125 0.01953125 0.01640625
10 0.75 0.7015625 0.01640625 0.02578125
22 0.66015625 0.63984375 0.02734375 0.028125
20 0.65546875 0.54140625 0.02578125 0.01796875
10 0.55 0.60390625 0.0203125 0.03046875
21 0.6609375 0.740625 0.02734375 0.0296875
21 0.7390625 0.81484375 0.0203125 0.03828125
21 0.6578125 0.896875 0.03359375 0.034375
21 0.58125 0.81875 0.02734375 0.0359375
21 0.509375 0.821875 0.03046875 0.034375
21 0.5078125 0.9109375 0.03046875 0.028125
21 0.51015625 0.74140625 0.03828125 0.03046875
21 0.50234375 0.65625 0.0203125 0.03203125
21 0.39453125 0.82109375 0.02578125 0.04375
21 0.39609375 0.7375 0.0234375 0.03046875
21 0.39609375 0.65703125 0.028125 0.0359375
10 0.74453125 0.91875 0.02421875 0.021875
13 0.56640625 0.959375 0.02421875 0.0296875
10 0.56640625 0.95 0.02734375 0.01015625
10 0.5671875 0.9203125 0.0296875 0.01015625
20 0.56015625 0.9171875 0.01640625 0.02421875
4 0.44921875 0.91484375 0.02734375 0.02734375
10 0.45859375 0.85703125 0.03046875 0.015625
39 0.35 0.7875 0.01640625 0.01640625
29 0.45234375 0.7875 0.03046875 0.02421875
26 0.465625 0.83671875 0.01796875 0.02578125
37 0.34296875 0.86953125 0.0203125 0.02734375
18 0.3390625 0.88984375 0.0234375 0.01171875
37 0.33984375 0.69921875 0.0140625 0.02578125
26 0.3421875 0.6765625 0.01796875 0.01640625
27 0.52109375 0.63984375 0.01171875 0.0234375
20 0.5203125 0.6640625 0.01171875 0.01953125
21 0.40390625 0.54296875 0.02578125 0.0375
21 0.4765625 0.54140625 0.01796875 0.03046875
21 0.4046875 0.44765625 0.0203125 0.03828125
21 0.47734375 0.44609375 0.01953125 0.04140625
4 0.36796875 0.453125 0.028125 0.02421875
20 0.4328125 0.603125 0.0203125 0.01796875
8 0.3390625 0.58671875 0.0125 0.034375
38 0.35 0.61015625 0.03203125 0.01171875
18 0.4859375 0.603125 0.01796875 0.021875
10 0.50390625 0.60703125 0.0203125 0.0125
2 0.33984375 0.55 0.0140625 0.02578125
33 0.3390625 0.5328125 0.01796875 0.0140625
10 0.3390625 0.5140625 0.0140625 0.0234375
20 0.40859375 0.415625 0.04375 0.021875