36 0.88671875 0.28203125 0.02890625 0.1484375
36 0.7359375 0.28046875 0.040625 0.14609375
13 0.775 0.04296875 0.021875 0.02578125
10 0.77890625 0.08515625 0.0328125 0.01953125
20 0.76015625 0.08671875 0.02109375 0.0171875
12 0.65625 0.4109375 0.01171875 0.0484375
20 0.65859375 0.4625 0.01171875 0.0234375
24 0.81484375 0.5078125 0.02578125 0.01796875
21 0.6890625 0.5515625 0.02578125 0.040625
25 0.63828125 0.009375 0.078125 0.01796875
21 0.5734375 0.078125 0.02109375 0.03671875
16 0.65703125 0.8875 0.01328125 0.05234375
10 0.6171875 0.90546875 0.025 0.0140625
10 0.43046875 0.903125 0.03359375 0.01328125
22 0.51796875 0.82265625 0.040625 0.02578125
20 0.459375 0.74140625 0.02109375 0.015625
10 0.61796875 0.73828125 0.0171875 0.0171875
2 0.5984375 0.74140625 0.02734375 0.015625
28 0.5421875 0.73984375 0.0640625 0.0171875
21 0.61328125 0.665625 0.02109375 0.02890625
3 0.58671875 0.66328125 0.01953125 0.02109375
21 0.55390625 0.66484375 0.0296875 0.02734375
20 0.5265625 0.646875 0.0140625 0.021875
28 0.58671875 0.7203125 0.040625 0.009375
15 0.3890625 0.81875 0.0234375 0.0234375
22 0.38671875 0.7 0.02890625 0.03359375
23 0.32734375 0.66484375 0.015625 0.02578125
22 0.275 0.5484375 0.03515625 0.03671875
27 0.2453125 0.478125 0.01796875 0.02109375
28 0.24140625 0.6765625 0.01328125 0.07734375
21 0.3203125 0.89375 0.0296875 0.03515625
20 0.25859375 0.81953125 0.015625 0.01328125
31 0.24921875 0.82265625 0.01015625 0.02109375
0 0.24296875 0.81953125 0.01015625 0.02890625
28 0.115625 0.8921875 0.071875 0.01171875
2 0.01796875 0.79375 0.015625 0.02578125
10 0.01875 0.7703125 0.01953125 0.02578125
7 0.01796875 0.75 0.0140625 0.01953125
19 0.021875 0.69453125 0.01953125 0.04453125
20 0.2234375 0.74765625 0.015625 0.0234375
37 0.22421875 0.6984375 0.0140625 0.0390625
19 0.21875 0.609375 0.021875 0.025
19 0.02265625 0.52734375 0.021875 0.03359375
37 0.2234375 0.51015625 0.01015625 0.03359375
33 0.22421875 0.48828125 0.0140625 0.015625
22 0.12109375 0.60859375 0.02890625 0.03125
28 0.0171875 0.45078125 0.015625 0.07578125
10 0.0328125 0.3875 0.02578125 0.0234375
13 0.165625 0.346875 0.02890625 0.02578125
20 0.19453125 0.46875 0.015625 0.02578125
2 0.21640625 0.33125 0.02109375 0.02890625
7 0.21640625 0.31171875 0.01953125 0.0171875
10 0.21484375 0.29140625 0.0171875 0.02578125
22 0.30625 0.35390625 0.02734375 0.02890625
20 0.3109375 0.4546875 0.02578125 0.01796875
10 0.41796875 0.390625 0.02109375 0.03125
21 0.3046875 0.2515625 0.02734375 0.0296875
21 0.22578125 0.1765625 0.02109375 0.0390625
21 0.3078125 0.09296875 0.03359375 0.03515625
21 0.3859375 0.17265625 0.02734375 0.03671875
21 0.459375 0.16875 0.03125 0.03515625
21 0.4609375 0.078125 0.03125 0.02890625
21 0.45859375 0.25078125 0.0390625 0.03125
21 0.46640625 0.3375 0.02109375 0.0328125
21 0.57578125 0.16953125 0.02578125 0.04453125
21 0.57421875 0.2546875 0.0234375 0.03125
21 0.57421875 0.33671875 0.02890625 0.03671875
10 0.2203125 0.07109375 0.025 0.021875
13 0.4015625 0.0296875 0.025 0.0296875
10 0.4015625 0.0390625 0.02734375 0.01015625
10 0.4 0.06953125 0.0296875 0.01015625
20 0.4078125 0.07265625 0.0171875 0.025
4 0.5203125 0.075 0.02734375 0.02734375
10 0.51015625 0.1328125 0.03125 0.015625
39 0.62109375 0.2046875 0.0171875 0.0171875
29 0.5171875 0.2046875 0.03125 0.025
26 0.50390625 0.15390625 0.01796875 0.02578125
37 0.628125 0.12109375 0.02109375 0.02734375
18 0.63203125 0.1 0.0234375 0.01171875
37 0.63125 0.29375 0.0140625 0.02578125
26 0.62890625 0.31640625 0.01796875 0.0171875
27 0.446875 0.35390625 0.01171875 0.0234375
20 0.4484375 0.3296875 0.01171875 0.01953125
21 0.56640625 0.45234375 0.02578125 0.0375
21 0.4921875 0.4546875 0.01796875 0.03125
21 0.565625 0.54921875 0.02109375 0.0390625
21 0.49140625 0.55078125 0.01953125 0.04140625
4 0.603125 0.54375 0.02890625 0.025
20 0.53671875 0.39140625 0.02109375 0.01796875
8 0.63203125 0.4078125 0.01328125 0.03515625
38 0.62109375 0.384375 0.0328125 0.01171875
18 0.4828125 0.390625 0.01796875 0.021875
10 0.46484375 0.3875 0.02109375 0.01328125
2 0.63125 0.4453125 0.0140625 0.02578125
33 0.63203125 0.4625 0.01796875 0.0140625
10 0.6328125 0.48203125 0.0140625 0.0234375
20 0.56171875 0.58125 0.04453125 0.021875