36 0.1125 0.70546875 0.0296875 0.1546875
36 0.26953125 0.70625 0.0421875 0.15234375
13 0.22890625 0.95390625 0.0234375 0.02734375
10 0.225 0.909375 0.03359375 0.0203125
20 0.24453125 0.90859375 0.021875 0.01796875
12 0.35234375 0.57109375 0.0125 0.05
20 0.35 0.51796875 0.0125 0.02421875
24 0.1875 0.4703125 0.02734375 0.01875
21 0.31796875 0.42421875 0.02734375 0.0421875
25 0.37109375 0.98984375 0.08125 0.0203125
21 0.4390625 0.9171875 0.021875 0.03828125
16 0.3515625 0.075 0.01328125 0.0546875
10 0.39296875 0.05625 0.02578125 0.01484375
10 0.58671875 0.05859375 0.03515625 0.01328125
22 0.496875 0.14296875 0.0421875 0.02734375
20 0.55703125 0.2265625 0.021875 0.01640625
10 0.3921875 0.23046875 0.01796875 0.01796875
2 0.4125 0.2265625 0.02890625 0.01640625
28 0.47109375 0.22890625 0.06640625 0.01796875
21 0.396875 0.30546875 0.021875 0.0296875
3 0.42421875 0.30859375 0.0203125 0.021875
21 0.45859375 0.30625 0.03125 0.02890625
20 0.48671875 0.32578125 0.01484375 0.0234375
28 0.42421875 0.24921875 0.0421875 0.009375
15 0.63046875 0.146875 0.02421875 0.02421875
22 0.6328125 0.2703125 0.0296875 0.03515625
23 0.69453125 0.30703125 0.01640625 0.02734375
22 0.74921875 0.428125 0.03671875 0.03828125
27 0.7796875 0.5015625 0.01875 0.021875
28 0.78359375 0.29453125 0.01328125 0.08046875
21 0.7015625 0.06875 0.03125 0.03671875
20 0.76640625 0.1453125 0.01640625 0.01328125
31 0.77578125 0.14296875 0.0109375 0.021875
0 0.7828125 0.1453125 0.0109375 0.0296875
28 0.91484375 0.0703125 0.075 0.0125
20 0.803125 0.2203125 0.01640625 0.02421875
37 0.80234375 0.271875 0.01484375 0.040625
19 0.8078125 0.36484375 0.0234375 0.02578125
37 0.803125 0.4671875 0.0109375 0.03515625
33 0.80234375 0.490625 0.01484375 0.01640625
22 0.90859375 0.365625 0.0296875 0.0328125
10 0.99375 0.5953125 0.0125 0.02421875
13 0.8625 0.6375 0.0296875 0.02734375
20 0.8328125 0.5109375 0.01640625 0.02734375
2 0.81015625 0.65390625 0.021875 0.0296875
7 0.81015625 0.67421875 0.0203125 0.01796875
10 0.81171875 0.6953125 0.01796875 0.02734375
22 0.71640625 0.63046875 0.02890625 0.0296875
20 0.71171875 0.52578125 0.02734375 0.01875
10 0.60078125 0.5921875 0.021875 0.0328125
21 0.71796875 0.73671875 0.02890625 0.03125
21 0.8 0.81484375 0.021875 0.040625
21 0.71484375 0.9015625 0.03515625 0.03671875
21 0.63359375 0.81953125 0.02890625 0.03828125
21 0.55703125 0.82265625 0.0328125 0.03671875
21 0.55546875 0.9171875 0.0328125 0.0296875
21 0.55859375 0.7375 0.040625 0.0328125
21 0.55 0.64765625 0.021875 0.03359375
21 0.4359375 0.821875 0.02734375 0.04609375
21 0.4375 0.73359375 0.02421875 0.0328125
21 0.4375 0.6484375 0.0296875 0.03828125
10 0.80625 0.92421875 0.02578125 0.0234375
13 0.6171875 0.96796875 0.02578125 0.03125
10 0.6171875 0.9578125 0.02890625 0.0109375
10 0.61875 0.9265625 0.03125 0.0109375
20 0.6109375 0.9234375 0.01796875 0.02578125
4 0.49375 0.9203125 0.02890625 0.02890625
10 0.50390625 0.86015625 0.0328125 0.01640625
39 0.3890625 0.7859375 0.01796875 0.01796875
29 0.49765625 0.7859375 0.0328125 0.02578125
26 0.5109375 0.83828125 0.01875 0.02734375
37 0.38203125 0.87265625 0.021875 0.02890625
18 0.37734375 0.89453125 0.02421875 0.0125
37 0.378125 0.69296875 0.01484375 0.02734375
26 0.38046875 0.66953125 0.01875 0.01796875
27 0.5703125 0.63046875 0.0125 0.02421875
20 0.56875 0.65546875 0.0125 0.0203125
21 0.4453125 0.528125 0.02734375 0.0390625
21 0.5234375 0.52578125 0.01875 0.0328125
21 0.446875 0.4265625 0.021875 0.040625
21 0.5234375 0.425 0.0203125 0.04375
4 0.4078125 0.4328125 0.0296875 0.02578125
20 0.4765625 0.59140625 0.021875 0.01875
8 0.37734375 0.57421875 0.01328125 0.03671875
38 0.3890625 0.5984375 0.03359375 0.0125
18 0.5328125 0.59140625 0.01875 0.0234375
10 0.5515625 0.5953125 0.021875 0.01328125
2 0.378125 0.53515625 0.01484375 0.02734375
33 0.37734375 0.5171875 0.01875 0.01484375
10 0.37734375 0.49765625 0.01484375 0.02421875
20 0.45078125 0.39296875 0.04609375 0.0234375