22 0.4984375 0.0640625 0.065625 0.0515625
22 0.00390625 0.45703125 0.0078125 0.0515625
22 0.5390625 0.996875 0.06953125 0.00625
21 0.60625 0.4671875 0.0484375 0.0578125
21 0.834375 0.46640625 0.0515625 0.05703125
21 0.721875 0.63984375 0.05 0.05546875
20 0.08359375 0.3921875 0.03828125 0.03203125
20 0.33671875 0.34296875 0.0359375 0.0265625
20 0.3296875 0.75 0.0421875 0.03046875
20 0.815625 0.34140625 0.040625 0.03671875
37 0.896875 0.19765625 0.04453125 0.05
33 0.89765625 0.24140625 0.040625 0.034375
30 0.896875 0.40390625 0.05 0.05546875
27 0.33125 0.4796875 0.03984375 0.0359375
23 0.14765625 0.45234375 0.0578125 0.04453125
23 0.2625 0.04453125 0.0578125 0.04453125
10 0.95546875 0.85234375 0.02734375 0.05546875
10 0.12109375 0.990625 0.03203125 0.01875
10 0.45546875 0.346875 0.075 0.0234375
5 0.8 0.609375 0.03828125 0.02890625
14 0.459375 0.46328125 0.19375 0.1796875