22 0.4984375 0.0671875 0.06640625 0.05234375
21 0.38984375 0.475 0.04921875 0.05859375
21 0.159375 0.47421875 0.05234375 0.05703125
21 0.2734375 0.64921875 0.05078125 0.05625
20 0.91796875 0.3984375 0.03828125 0.03203125
20 0.66171875 0.34921875 0.0359375 0.0265625
20 0.66953125 0.7609375 0.04296875 0.03046875
20 0.178125 0.34765625 0.04140625 0.0375
37 0.09609375 0.20234375 0.0453125 0.05078125
33 0.0953125 0.246875 0.04140625 0.034375
30 0.09609375 0.4109375 0.05078125 0.05625
27 0.66796875 0.4875 0.03984375 0.0359375
23 0.853125 0.46015625 0.05859375 0.0453125
23 0.7375 0.04765625 0.05859375 0.0453125
10 0.03671875 0.8640625 0.028125 0.05625
10 0.5421875 0.353125 0.07578125 0.02421875
5 0.19375 0.61875 0.03828125 0.0296875
14 0.53828125 0.4703125 0.19609375 0.18125