22 0.50625 0.06953125 0.0640625 0.05
22 0.015625 0.45078125 0.03046875 0.05
22 0.5453125 0.98515625 0.06796875 0.0296875
21 0.6109375 0.46015625 0.04765625 0.05625
21 0.83203125 0.459375 0.05 0.0546875
21 0.72265625 0.628125 0.0484375 0.05390625
20 0.10390625 0.3875 0.03671875 0.03046875
20 0.35 0.33984375 0.034375 0.02578125
20 0.34296875 0.734375 0.040625 0.0296875
20 0.8140625 0.3390625 0.03984375 0.0359375
37 0.89296875 0.19921875 0.04375 0.0484375
33 0.89296875 0.24140625 0.03984375 0.03359375
30 0.89296875 0.39921875 0.0484375 0.05390625
27 0.34375 0.47265625 0.03828125 0.034375
23 0.16640625 0.44609375 0.05625 0.04375
23 0.27734375 0.05078125 0.05625 0.04375
10 0.94921875 0.83359375 0.0265625 0.05390625
10 0.140625 0.9796875 0.03046875 0.040625
10 0.46484375 0.34375 0.07265625 0.02265625
5 0.7984375 0.5984375 0.03671875 0.028125
14 0.46875 0.45625 0.18828125 0.17421875