22 0.61796875 0.8921875 0.040625 0.04453125
21 0.01484375 0.01328125 0.02890625 0.0265625
21 0.25234375 0.01328125 0.034375 0.0265625
21 0.01484375 0.2 0.0296875 0.05
21 0.25234375 0.2015625 0.0328125 0.0484375
21 0.48984375 0.2015625 0.0359375 0.0484375
21 0.4890625 0.4 0.034375 0.04765625
21 0.72890625 0.2015625 0.0359375 0.0515625
21 0.7296875 0.40078125 0.034375 0.0484375
21 0.00703125 0.63515625 0.0140625 0.0484375
21 0.159375 0.63515625 0.034375 0.0484375
21 0.3953125 0.62578125 0.0328125 0.0484375
21 0.01484375 0.4 0.0296875 0.053125
21 0.2515625 0.40078125 0.0359375 0.05
36 0.840625 0.56640625 0.0109375 0.06953125
20 0.959375 0.18359375 0.03046875 0.02890625
20 0.903125 0.9890625 0.02734375 0.02109375
20 0.51015625 0.48671875 0.03046875 0.0265625
20 0.54453125 0.553125 0.0234375 0.02890625
20 0.50234375 0.9171875 0.0265625 0.02890625
20 0.0890625 0.48671875 0.03046875 0.0265625
20 0.08984375 0.53046875 0.03203125 0.0265625
31 0.540625 0.9875 0.02734375 0.025
10 0.83359375 0.24765625 0.0234375 0.06484375
10 0.83359375 0.63359375 0.0234375 0.0609375
10 0.228125 0.78671875 0.06328125 0.025
10 0.375 0.4875 0.06328125 0.025
10 0.19765625 0.11875 0.06328125 0.0265625
33 0.83125 0.6765625 0.02890625 0.02890625
2 0.8265625 0.696875 0.0359375 0.06171875
27 0.5453125 0.74140625 0.025 0.03203125
27 0.48125 0.48515625 0.02734375 0.0265625
23 0.615625 0.815625 0.040625 0.040625
5 0.35390625 0.6703125 0.025 0.0265625
7 0.42734375 0.484375 0.04765625 0.03203125
6 0.08359375 0.62421875 0.03828125 0.03984375
6 0.13671875 0.00546875 0.0328125 0.0109375
28 0.4578125 0.71875 0.0609375 0.015625
28 0.0875 0.81953125 0.08828125 0.015625
28 0.02734375 0.5234375 0.05390625 0.01328125