22 0.60859375 0.134375 0.04140625 0.0453125
21 0.00703125 0.834375 0.0140625 0.05
21 0.2390625 0.8328125 0.03359375 0.04921875
21 0.4796875 0.8328125 0.0359375 0.04921875
21 0.47890625 0.63203125 0.034375 0.04765625
21 0.7203125 0.8328125 0.0359375 0.05234375
21 0.72109375 0.63125 0.034375 0.04921875
21 0.1453125 0.39375 0.034375 0.04921875
21 0.38359375 0.403125 0.03359375 0.04921875
21 0.00703125 0.63125 0.0140625 0.053125
21 0.23828125 0.63046875 0.0359375 0.05078125
36 0.83359375 0.46328125 0.0109375 0.0703125
20 0.95390625 0.85078125 0.03046875 0.0296875
20 0.896875 0.03359375 0.028125 0.0265625
20 0.49921875 0.54375 0.03046875 0.0265625
20 0.534375 0.47734375 0.02421875 0.0296875
20 0.4921875 0.109375 0.0265625 0.0296875
20 0.07421875 0.54375 0.03046875 0.0265625
20 0.075 0.5 0.03203125 0.0265625
31 0.5296875 0.03359375 0.028125 0.034375
10 0.8265625 0.7859375 0.02421875 0.065625
10 0.8265625 0.39609375 0.02421875 0.06171875
10 0.21484375 0.240625 0.0640625 0.025
10 0.3625 0.54296875 0.0640625 0.025
10 0.184375 0.915625 0.0640625 0.0265625
33 0.82421875 0.35234375 0.0296875 0.0296875
2 0.81953125 0.33125 0.0359375 0.0625
27 0.53515625 0.28671875 0.025 0.03203125
27 0.4703125 0.5453125 0.028125 0.0265625
23 0.60625 0.21171875 0.04140625 0.04140625
5 0.3421875 0.35859375 0.025 0.0265625
7 0.415625 0.546875 0.04765625 0.03203125
6 0.06875 0.40546875 0.03828125 0.03984375
28 0.446875 0.309375 0.06171875 0.015625
28 0.07265625 0.2078125 0.0890625 0.015625
28 0.01953125 0.50703125 0.03828125 0.01328125