22 0.3859375 0.0859375 0.040625 0.04453125
21 0.9875 0.97578125 0.025 0.0484375
21 0.75234375 0.97578125 0.034375 0.0484375
21 0.98671875 0.77734375 0.0265625 0.05
21 0.7515625 0.7765625 0.0328125 0.0484375
21 0.5140625 0.7765625 0.0359375 0.0484375
21 0.51484375 0.578125 0.034375 0.04765625
21 0.275 0.7765625 0.0359375 0.0515625
21 0.27421875 0.57734375 0.034375 0.0484375
21 0.99453125 0.3421875 0.0109375 0.0484375
21 0.84453125 0.3421875 0.034375 0.0484375
21 0.60859375 0.3515625 0.0328125 0.0484375
21 0.98671875 0.5765625 0.0265625 0.053125
21 0.75234375 0.5765625 0.0359375 0.05
36 0.16328125 0.4109375 0.0109375 0.06953125
20 0.04453125 0.79453125 0.03046875 0.02890625
20 0.49375 0.490625 0.03046875 0.0265625
20 0.459375 0.425 0.0234375 0.02890625
20 0.5015625 0.0609375 0.0265625 0.02890625
20 0.91484375 0.490625 0.03046875 0.0265625
20 0.9140625 0.446875 0.03203125 0.0265625
10 0.1703125 0.73046875 0.0234375 0.06484375
10 0.1703125 0.34453125 0.0234375 0.0609375
10 0.77578125 0.190625 0.06328125 0.025
10 0.62890625 0.48984375 0.06328125 0.025
10 0.80625 0.85859375 0.06328125 0.0265625
33 0.17265625 0.30078125 0.02890625 0.02890625
2 0.17734375 0.28046875 0.0359375 0.06171875
27 0.45859375 0.2359375 0.025 0.03203125
27 0.5234375 0.4921875 0.02734375 0.0265625
23 0.38828125 0.16171875 0.040625 0.040625
5 0.65 0.30703125 0.025 0.0265625
7 0.5765625 0.49375 0.04765625 0.03203125
6 0.9203125 0.35390625 0.03828125 0.03984375
6 0.8671875 0.98359375 0.0328125 0.0328125
28 0.54609375 0.25859375 0.0609375 0.015625
28 0.91640625 0.15859375 0.08828125 0.015625
28 0.975 0.45390625 0.05 0.01328125