22 0.628125 0.09375 0.03203125 0.04453125
22 0.50078125 0.4515625 0.0328125 0.04609375
22 0.2046875 0.6375 0.034375 0.04453125
21 0.63359375 0.640625 0.0265625 0.0484375
21 0.76875 0.815625 0.0234375 0.04765625
21 0.63359375 0.815625 0.0265625 0.04765625
21 0.76796875 0.98203125 0.0265625 0.0359375
21 0.6328125 0.98203125 0.025 0.0359375
20 0.034375 0.8453125 0.01875 0.025
20 0.55859375 0.72421875 0.01953125 0.02890625
20 0.734375 0.5234375 0.02265625 0.0265625
20 0.55703125 0.34140625 0.02265625 0.0234375
31 0.3671875 0.559375 0.01953125 0.01875
10 0.93359375 0.125 0.03828125 0.01953125
10 0.815625 0.24296875 0.015625 0.04765625
10 0.59609375 0.3453125 0.03671875 0.01875
10 0.934375 0.7609375 0.03671875 0.01953125
30 0.80703125 0.7640625 0.0328125 0.0421875
27 0.0359375 0.815625 0.02109375 0.03046875
23 0.10234375 0.896875 0.02734375 0.03671875
23 0.50234375 0.63046875 0.03046875 0.03984375
5 0.70078125 0.9578125 0.01875 0.0234375
28 0.20546875 0.55703125 0.08046875 0.01875
14 0.009375 0.65546875 0.01875 0.21875
14 0.78125 0.634375 0.0921875 0.1765625