22 0.33046875 0.08046875 0.0328125 0.046875
22 0.46328125 0.45546875 0.034375 0.0484375
22 0.7734375 0.64921875 0.0359375 0.046875
21 0.32421875 0.65234375 0.02734375 0.05078125
21 0.18203125 0.8359375 0.025 0.05
21 0.32421875 0.8359375 0.02734375 0.05
20 0.9515625 0.86640625 0.01953125 0.0265625
20 0.40234375 0.740625 0.02109375 0.03046875
20 0.21875 0.53046875 0.0234375 0.02734375
20 0.40390625 0.33984375 0.0234375 0.025
31 0.603125 0.56796875 0.02109375 0.01953125
10 0.01484375 0.11171875 0.0296875 0.0203125
10 0.13359375 0.2359375 0.01640625 0.05
10 0.36328125 0.34375 0.0390625 0.01953125
10 0.01484375 0.778125 0.02890625 0.02109375
30 0.14296875 0.78203125 0.034375 0.04453125
27 0.95 0.8359375 0.021875 0.03203125
23 0.88046875 0.92109375 0.02890625 0.0390625
23 0.46171875 0.6421875 0.03203125 0.04140625
5 0.25390625 0.98515625 0.01953125 0.025
28 0.77265625 0.56484375 0.084375 0.01953125
14 0.98359375 0.66796875 0.0328125 0.2296875
14 0.16953125 0.64609375 0.096875 0.18515625