22 0.621875 0.09453125 0.03203125 0.0453125
22 0.49375 0.45390625 0.0328125 0.04609375
22 0.19609375 0.640625 0.034375 0.0453125
21 0.62734375 0.64375 0.0265625 0.04921875
21 0.7640625 0.81953125 0.02421875 0.04765625
21 0.62734375 0.81953125 0.0265625 0.04765625
21 0.7625 0.984375 0.0265625 0.03046875
21 0.6265625 0.984375 0.025 0.03046875
20 0.025 0.84921875 0.01875 0.025
20 0.55234375 0.728125 0.01953125 0.02890625
20 0.72890625 0.5265625 0.02265625 0.0265625
20 0.55078125 0.34375 0.02265625 0.02421875
31 0.36015625 0.5625 0.01953125 0.01875
10 0.92890625 0.125 0.03828125 0.01953125
10 0.81015625 0.24375 0.015625 0.04765625
10 0.58984375 0.34765625 0.0375 0.01875
10 0.9296875 0.76484375 0.0375 0.01953125
30 0.8015625 0.76796875 0.0328125 0.0421875
27 0.0265625 0.8203125 0.02109375 0.03046875
23 0.09375 0.9015625 0.028125 0.0375
23 0.4953125 0.63359375 0.03046875 0.03984375
5 0.6953125 0.9625 0.01875 0.02421875
28 0.196875 0.559375 0.08125 0.01875
14 0.77578125 0.63828125 0.09296875 0.17734375