22 0.17890625 0.71875 0.0328125 0.04296875
21 0.1203125 0.17734375 0.02734375 0.0453125
21 0.27265625 0.1765625 0.02578125 0.046875
21 0.5234375 0.17734375 0.02890625 0.0453125
21 0.365625 0.4078125 0.02734375 0.046875
21 0.25703125 0.40625 0.02890625 0.046875
16 0.4453125 0.84921875 0.01015625 0.06484375
28 0.3109375 0.521875 0.0453125 0.015625
28 0.22265625 0.55078125 0.11015625 0.015625
5 0.31015625 0.4015625 0.01796875 0.021875
10 0.36953125 0.553125 0.03515625 0.02109375
10 0.36953125 0.88515625 0.0328125 0.0171875
10 0.00703125 0.88515625 0.0140625 0.0171875
10 0.4015625 0.04140625 0.0171875 0.04140625
20 0.059375 0.5578125 0.01953125 0.025
20 0.19296875 0.36953125 0.01953125 0.025
20 0.26171875 0.25 0.01953125 0.021875
15 0.7609375 0.0921875 0.0234375 0.0234375
6 0.33671875 0.16796875 0.02578125 0.0375
20 0.45546875 0.0078125 0.01953125 0.015625