22 0.8734375 0.2453125 0.034375 0.0453125
21 0.9359375 0.82109375 0.02890625 0.0484375
21 0.7734375 0.821875 0.02734375 0.05
21 0.50703125 0.82109375 0.03046875 0.0484375
21 0.675 0.57578125 0.02890625 0.05
21 0.78984375 0.57734375 0.03046875 0.05
16 0.58984375 0.10625 0.0109375 0.06875
28 0.7328125 0.4546875 0.0484375 0.01640625
28 0.8265625 0.42421875 0.1171875 0.01640625
5 0.73359375 0.58203125 0.01953125 0.0234375
10 0.6703125 0.42109375 0.0375 0.021875
10 0.6703125 0.06875 0.034375 0.01796875
10 0.6359375 0.965625 0.01796875 0.04453125
20 0.9953125 0.41640625 0.009375 0.0265625
20 0.85859375 0.61640625 0.02109375 0.0265625
20 0.78515625 0.74375 0.02109375 0.0234375
15 0.25390625 0.91171875 0.025 0.025
6 0.70546875 0.83046875 0.02734375 0.03984375
20 0.57890625 0.996875 0.0203125 0.00625