22 0.79140625 0.72421875 0.03359375 0.04453125
21 0.8515625 0.165625 0.028125 0.046875
21 0.69453125 0.16484375 0.0265625 0.0484375
21 0.4359375 0.165625 0.0296875 0.046875
21 0.5984375 0.403125 0.028125 0.0484375
21 0.71015625 0.40234375 0.0296875 0.0484375
16 0.51640625 0.859375 0.0109375 0.0671875
28 0.6546875 0.52109375 0.046875 0.01640625
28 0.74609375 0.55078125 0.1140625 0.01640625
5 0.65546875 0.39765625 0.01875 0.02265625
10 0.59453125 0.55390625 0.0359375 0.02109375
10 0.59453125 0.89609375 0.03359375 0.0171875
10 0.98125 0.89609375 0.0375 0.0171875
10 0.5609375 0.02578125 0.0171875 0.04296875
20 0.91484375 0.55859375 0.0203125 0.02578125
20 0.7765625 0.3640625 0.0203125 0.02578125
20 0.70546875 0.240625 0.0203125 0.02265625
15 0.190625 0.078125 0.02421875 0.02421875
6 0.62890625 0.15625 0.0265625 0.0390625