22 0.65078125 0.4640625 0.03125 0.04375
22 0.93125 0.28671875 0.03125 0.04375
22 0.25546875 0.97578125 0.03046875 0.04296875
21 0.0765625 0.54453125 0.02734375 0.046875
21 0.21015625 0.54375 0.025 0.0453125
21 0.34453125 0.54375 0.0265625 0.046875
20 0.9859375 0.55 0.01796875 0.0265625
20 0.98515625 0.18046875 0.02265625 0.02421875
20 0.98671875 0.871875 0.01875 0.025
20 0.46015625 0.8421875 0.01640625 0.0265625
20 0.48828125 0.6640625 0.01640625 0.025
20 0.1578125 0.68984375 0.0265625 0.02421875
31 0.80390625 0.3890625 0.02109375 0.0203125
10 0.46328125 0.98125 0.01484375 0.0375
30 0.353125 0.40390625 0.02890625 0.04375
37 0.0515625 0.7453125 0.025 0.04765625
7 0.45859375 0.94140625 0.02265625 0.034375
27 0.48828125 0.63671875 0.01875 0.0265625
23 0.93203125 0.459375 0.03046875 0.03671875
23 0.55390625 0.715625 0.02890625 0.0375
5 0.1734375 0.4671875 0.01796875 0.02265625
28 0.64921875 0.38671875 0.07421875 0.01796875