22 0.65 0.52734375 0.03203125 0.04453125
22 0.93515625 0.7078125 0.03203125 0.04453125
22 0.24921875 0.01484375 0.03046875 0.0296875
21 0.06796875 0.4453125 0.028125 0.04765625
21 0.203125 0.44609375 0.02578125 0.04609375
21 0.33984375 0.446875 0.0265625 0.04765625
20 0.990625 0.44140625 0.01875 0.0265625
20 0.9890625 0.81484375 0.021875 0.02421875
20 0.990625 0.11484375 0.01875 0.0265625
20 0.45703125 0.14375 0.01640625 0.0265625
20 0.48515625 0.325 0.01640625 0.02578125
20 0.15 0.2984375 0.0265625 0.02421875
31 0.80625 0.60390625 0.021875 0.0203125
10 0.46015625 0.0109375 0.015625 0.021875
30 0.3484375 0.5890625 0.0296875 0.04453125
37 0.0421875 0.24140625 0.02578125 0.0484375
7 0.45546875 0.04296875 0.02265625 0.034375
27 0.48515625 0.35234375 0.01953125 0.0265625
23 0.9359375 0.5328125 0.03046875 0.03671875
23 0.5515625 0.27265625 0.0296875 0.03828125
5 0.16640625 0.52421875 0.01796875 0.02265625
28 0.64921875 0.60625 0.07578125 0.01796875