22 0.34453125 0.47734375 0.03203125 0.0453125
22 0.05625 0.2953125 0.03203125 0.0453125
22 0.75 0.98984375 0.03125 0.0203125
21 0.9328125 0.56015625 0.028125 0.04765625
21 0.79609375 0.559375 0.02578125 0.046875
21 0.65859375 0.55859375 0.02734375 0.04765625
20 0.0046875 0.565625 0.009375 0.02734375
20 0.00703125 0.1859375 0.0140625 0.025
20 0.0046875 0.8953125 0.009375 0.02578125
20 0.5390625 0.86484375 0.01640625 0.02734375
20 0.5109375 0.68203125 0.01640625 0.02578125
20 0.84921875 0.70859375 0.02734375 0.02421875
31 0.18671875 0.40078125 0.021875 0.0203125
10 0.5359375 0.99375 0.015625 0.0125
30 0.64921875 0.415625 0.0296875 0.0453125
37 0.95859375 0.76640625 0.02578125 0.04921875
7 0.54140625 0.9671875 0.0234375 0.03515625
27 0.5109375 0.6546875 0.01953125 0.02734375
23 0.05546875 0.471875 0.03125 0.0375
23 0.44375 0.73515625 0.0296875 0.0390625
5 0.83359375 0.48046875 0.01796875 0.0234375
28 0.3453125 0.39765625 0.0765625 0.01796875