21 0.77890625 0.1296875 0.02734375 0.0484375
21 0.56015625 0.12890625 0.02578125 0.046875
21 0.7796875 0.3046875 0.02734375 0.0484375
21 0.56015625 0.30390625 0.02578125 0.0453125
21 0.72421875 0.52890625 0.02578125 0.046875
21 0.57109375 0.52265625 0.02734375 0.0453125
21 0.72421875 0.7203125 0.02734375 0.0453125
21 0.571875 0.7203125 0.02578125 0.046875
21 0.31953125 0.7203125 0.02734375 0.0453125
21 0.5875 0.9515625 0.02578125 0.04453125
21 0.4765625 0.95234375 0.02578125 0.0484375
36 0.23125 0.18359375 0.015625 0.2703125
38 0.46640625 0.39453125 0.0484375 0.01328125
20 0.62890625 0.403125 0.025 0.025
20 0.390625 0.54921875 0.01953125 0.025
20 0.58125 0.79375 0.021875 0.0234375
20 0.653125 0.91484375 0.01796875 0.0234375
20 0.81171875 0.2796875 0.01953125 0.021875
15 0.084375 0.6328125 0.025 0.021875
10 0.86328125 0.40703125 0.015625 0.0484375
10 0.44140625 0.5828125 0.015625 0.04296875
37 0.44609375 0.2125 0.021875 0.04453125
37 0.771875 0.403125 0.0328125 0.02578125
26 0.7453125 0.403125 0.02109375 0.02578125
33 0.44453125 0.54921875 0.01953125 0.025
2 0.44609375 0.51015625 0.01953125 0.05234375
5 0.53359375 0.9484375 0.0171875 0.021875
12 0.396875 0.43671875 0.01015625 0.0640625
8 0.43984375 0.4375 0.01015625 0.0578125
39 0.4609375 0.0328125 0.015625 0.015625
29 0.6640625 0.03359375 0.025 0.03515625
6 0.49765625 0.71015625 0.025 0.03671875