21 0.22734375 0.153125 0.0265625 0.046875
21 0.43828125 0.15234375 0.025 0.0453125
21 0.22578125 0.321875 0.0265625 0.046875
21 0.43828125 0.3203125 0.025 0.04375
21 0.2796875 0.5375 0.025 0.0453125
21 0.42734375 0.53203125 0.0265625 0.04375
21 0.28046875 0.72265625 0.0265625 0.04375
21 0.4265625 0.72265625 0.025 0.0453125
21 0.6703125 0.72265625 0.0265625 0.04375
21 0.41171875 0.94609375 0.025 0.04296875
21 0.51875 0.94609375 0.025 0.046875
36 0.75546875 0.2046875 0.01484375 0.2609375
38 0.528125 0.4078125 0.046875 0.0125
20 0.371875 0.41640625 0.02421875 0.02421875
20 0.6015625 0.55703125 0.01875 0.02421875
20 0.4171875 0.79375 0.02109375 0.02265625
20 0.34921875 0.9109375 0.01796875 0.02265625
20 0.19609375 0.29765625 0.01875 0.02109375
15 0.89765625 0.63828125 0.02421875 0.02109375
10 0.14609375 0.4203125 0.01484375 0.046875
10 0.553125 0.58984375 0.01484375 0.04140625
37 0.5484375 0.2328125 0.02109375 0.04296875
37 0.23359375 0.4171875 0.03125 0.025
26 0.259375 0.4171875 0.0203125 0.025
33 0.55 0.55703125 0.01875 0.02421875
2 0.5484375 0.5203125 0.01875 0.05
5 0.4640625 0.94296875 0.01640625 0.02109375
12 0.59609375 0.44921875 0.01015625 0.06171875
8 0.55390625 0.45 0.01015625 0.05546875
39 0.534375 0.059375 0.01484375 0.01484375
29 0.33828125 0.06015625 0.02421875 0.034375
6 0.4984375 0.7125 0.02421875 0.03515625