21 0.846875 0.08515625 0.02890625 0.0515625
21 0.6140625 0.084375 0.028125 0.05
21 0.84765625 0.271875 0.02890625 0.0515625
21 0.6140625 0.2703125 0.028125 0.0484375
21 0.7890625 0.509375 0.028125 0.05
21 0.62578125 0.503125 0.02890625 0.0484375
21 0.78828125 0.71328125 0.02890625 0.0484375
21 0.6265625 0.7140625 0.028125 0.05
21 0.3578125 0.71328125 0.02890625 0.0484375
21 0.64296875 0.959375 0.028125 0.046875
21 0.525 0.96015625 0.028125 0.0515625
36 0.2640625 0.14296875 0.01640625 0.2859375
38 0.51484375 0.36640625 0.0515625 0.0140625
20 0.68671875 0.37578125 0.0265625 0.0265625
20 0.434375 0.53125 0.02109375 0.0265625
20 0.63671875 0.79140625 0.0234375 0.025
20 0.7125 0.92109375 0.01953125 0.025
20 0.88125 0.2453125 0.02109375 0.0234375
15 0.1078125 0.6203125 0.0265625 0.0234375
10 0.9359375 0.3796875 0.01640625 0.0515625
10 0.4875 0.5671875 0.01640625 0.04609375
37 0.4921875 0.1734375 0.0234375 0.046875
37 0.83984375 0.3765625 0.034375 0.028125
26 0.8109375 0.3765625 0.021875 0.028125
33 0.490625 0.53125 0.02109375 0.0265625
2 0.4921875 0.490625 0.02109375 0.05546875
5 0.58515625 0.95625 0.01796875 0.0234375
12 0.440625 0.41171875 0.0109375 0.06796875
8 0.4859375 0.4125 0.0109375 0.0609375
6 0.54765625 0.703125 0.0265625 0.0390625