22 0.6984375 0.7953125 0.046875 0.0546875
22 0.2390625 0.4671875 0.046875 0.0546875
22 0.7203125 0.19140625 0.04453125 0.05390625
21 0.1734375 0.971875 0.03359375 0.05625
21 0.05859375 0.79921875 0.03671875 0.0578125
21 0.28828125 0.79765625 0.03359375 0.0546875
21 0.228125 0.19140625 0.0328125 0.05625
20 0.3765625 0.33515625 0.02734375 0.0296875
20 0.43515625 0.15546875 0.02734375 0.02890625
20 0.37734375 0.7234375 0.02578125 0.02890625
20 0.2 0.70078125 0.0234375 0.02890625
10 0.71484375 0.55390625 0.0484375 0.021875
37 0.88671875 0.5109375 0.05078125 0.03515625
37 0.584375 0.51015625 0.05078125 0.03671875
33 0.9296875 0.50859375 0.03359375 0.040625
27 0.33515625 0.53359375 0.02890625 0.03515625
5 0.21640625 0.03046875 0.02578125 0.02734375
5 0.290625 0.94375 0.02734375 0.02890625
28 0.2140625 0.3296875 0.078125 0.01953125
14 0.15078125 0.19921875 0.13203125 0.2203125
14 0.0578125 0.8640625 0.11484375 0.271875