22 0.23515625 0.88828125 0.05078125 0.05859375
22 0.728125 0.53671875 0.05078125 0.05859375
22 0.21171875 0.23984375 0.04765625 0.0578125
21 0.921875 0.8921875 0.0390625 0.06171875
21 0.675 0.890625 0.03671875 0.05859375
21 0.73984375 0.23984375 0.03515625 0.06015625
21 0.8234375 0.0140625 0.03671875 0.028125
21 0.67578125 0.0125 0.040625 0.025
20 0.58046875 0.39453125 0.0296875 0.03203125
20 0.5171875 0.2015625 0.0296875 0.03046875
20 0.98984375 0.621875 0.01953125 0.03359375
20 0.5796875 0.8109375 0.028125 0.03046875
20 0.7703125 0.7875 0.025 0.03046875
10 0.21796875 0.6296875 0.0515625 0.0234375
37 0.0328125 0.58359375 0.0546875 0.0375
37 0.3578125 0.5828125 0.0546875 0.0390625
27 0.625 0.60703125 0.03046875 0.0375
5 0.75234375 0.06796875 0.028125 0.0296875
28 0.7546875 0.38828125 0.084375 0.02109375
14 0.82265625 0.2484375 0.14140625 0.23671875
14 0.9265625 0.90859375 0.128125 0.1828125