22 0.69296875 0.20546875 0.0484375 0.05703125
22 0.2171875 0.54453125 0.0484375 0.05703125
22 0.71640625 0.83046875 0.04609375 0.05546875
21 0.15 0.02578125 0.03515625 0.0515625
21 0.03125 0.2015625 0.0375 0.059375
21 0.26875 0.20234375 0.03515625 0.05703125
21 0.20625 0.83046875 0.03359375 0.0578125
20 0.36015625 0.68203125 0.028125 0.03125
20 0.42109375 0.8671875 0.028125 0.0296875
20 0.3609375 0.2796875 0.02734375 0.0296875
20 0.17734375 0.30234375 0.02421875 0.0296875
10 0.71015625 0.4546875 0.05 0.02265625
37 0.88828125 0.49921875 0.05234375 0.03671875
37 0.575 0.5 0.05234375 0.0375
33 0.9328125 0.50234375 0.03515625 0.0421875
27 0.3171875 0.4765625 0.0296875 0.03671875
5 0.19453125 0.99140625 0.02734375 0.0171875
5 0.27109375 0.0515625 0.028125 0.0296875
28 0.1921875 0.6875 0.08125 0.0203125
14 0.1265625 0.82265625 0.13671875 0.228125
14 0.04453125 0.1375 0.0890625 0.27421875