22 0.2484375 0.859375 0.0484375 0.0515625
22 0.25 0.184375 0.0484375 0.0515625
22 0.803125 0.3140625 0.0484375 0.053125
21 0.79140625 0.928125 0.03984375 0.05703125
21 0.74453125 0.7265625 0.03828125 0.05546875
20 0.9171875 0.0265625 0.025 0.02890625
20 0.8921875 0.028125 0.0265625 0.02734375
20 0.8953125 0.6 0.02734375 0.02890625
20 0.6140625 0.59921875 0.02734375 0.03046875
31 0.60390625 0.996875 0.02265625 0.00625
31 0.66171875 0.54609375 0.01953125 0.0265625
10 0.5515625 0.02109375 0.05 0.02109375
0 0.86640625 0.0234375 0.0265625 0.02890625
27 0.66796875 0.51484375 0.03046875 0.03671875
5 0.67109375 0.721875 0.025 0.0234375
28 0.728125 0.8203125 0.06875 0.01875
28 0.56796875 0.90390625 0.0171875 0.1265625
8 0.659375 0.090625 0.01875 0.06953125
28 0.65859375 0.09140625 0.01953125 0.1109375