22 0.23515625 0.14921875 0.046875 0.04921875
22 0.2359375 0.79375 0.046875 0.04921875
22 0.7640625 0.6703125 0.046875 0.05
21 0.753125 0.08359375 0.0375 0.05390625
21 0.70859375 0.27578125 0.03671875 0.053125
20 0.8734375 0.94453125 0.02421875 0.02734375
20 0.84921875 0.94296875 0.025 0.0265625
20 0.85234375 0.396875 0.0265625 0.02734375
20 0.58359375 0.39765625 0.0265625 0.02890625
31 0.5734375 0.0109375 0.02109375 0.02109375
31 0.62890625 0.4484375 0.01875 0.025
10 0.52421875 0.95 0.04765625 0.0203125
0 0.825 0.946875 0.025 0.02734375
27 0.63515625 0.47890625 0.02890625 0.03515625
5 0.63828125 0.28046875 0.02421875 0.02265625
6 0.85859375 0.0046875 0.02265625 0.00859375
28 0.69296875 0.18671875 0.065625 0.01796875
28 0.53984375 0.10703125 0.01640625 0.12109375
8 0.62734375 0.88359375 0.01796875 0.06640625
28 0.6265625 0.8828125 0.01875 0.10546875