22 0.76640625 0.8546875 0.046875 0.04921875
22 0.76484375 0.20703125 0.046875 0.04921875
22 0.23515625 0.33203125 0.046875 0.05078125
21 0.2453125 0.92109375 0.03828125 0.0546875
21 0.290625 0.728125 0.03671875 0.053125
20 0.125 0.05546875 0.02421875 0.028125
20 0.14921875 0.0578125 0.025 0.0265625
20 0.14609375 0.60625 0.0265625 0.028125
20 0.415625 0.60546875 0.0265625 0.02890625
31 0.42578125 0.99140625 0.021875 0.01640625
31 0.3703125 0.5546875 0.01875 0.025
10 0.47578125 0.05078125 0.0484375 0.0203125
0 0.1734375 0.053125 0.025 0.028125
27 0.3640625 0.52421875 0.02890625 0.03515625
5 0.36171875 0.72265625 0.02421875 0.02265625
6 0.13828125 0.9984375 0.0234375 0.003125
28 0.30625 0.81796875 0.065625 0.01796875
28 0.46015625 0.89765625 0.01640625 0.121875
8 0.371875 0.1171875 0.01796875 0.0671875
28 0.37265625 0.11796875 0.01875 0.10625