22 0.45 0.49765625 0.06875 0.05
22 0.98828125 0.20234375 0.0234375 0.04375
36 0.91875 0.77578125 0.02265625 0.0765625
20 0.73125 0.2328125 0.03984375 0.0328125
10 0.025 0.09140625 0.0265625 0.05546875
10 0.0234375 0.51796875 0.0265625 0.0515625
10 0.871875 0.35078125 0.02890625 0.05546875
10 0.840625 0.28203125 0.0765625 0.02109375
10 0.87109375 0.6921875 0.02890625 0.05703125
10 0.771875 0.97265625 0.07421875 0.01953125
10 0.921875 0.8734375 0.02734375 0.04765625
10 0.18046875 0.93515625 0.0765625 0.02109375
37 0.86171875 0.87265625 0.04765625 0.0515625
33 0.9328125 0.915625 0.0421875 0.02890625
33 0.86171875 0.91484375 0.04765625 0.03046875
2 0.034375 0.575 0.0421875 0.0578125
2 0.9328125 0.84609375 0.05 0.06484375
28 0.021875 0.77734375 0.02734375 0.10546875