22 0.4671875 0.51640625 0.065625 0.0484375
22 0.9859375 0.79921875 0.028125 0.04140625
21 0.9484375 0.01796875 0.05 0.0359375
36 0.9171875 0.24921875 0.021875 0.0734375
20 0.73671875 0.7703125 0.03828125 0.03203125
10 0.059375 0.90625 0.025 0.053125
10 0.05859375 0.496875 0.025 0.04921875
10 0.871875 0.65703125 0.028125 0.053125
10 0.84140625 0.72265625 0.0734375 0.0203125
10 0.87109375 0.3296875 0.028125 0.0546875
10 0.77578125 0.06015625 0.07109375 0.01875
10 0.91953125 0.15546875 0.0265625 0.0453125
10 0.20859375 0.09609375 0.0734375 0.0203125
37 0.86171875 0.15625 0.0453125 0.04921875
33 0.93046875 0.11484375 0.040625 0.028125
33 0.86171875 0.115625 0.0453125 0.02890625
2 0.06796875 0.44140625 0.040625 0.05546875
2 0.93046875 0.18203125 0.0484375 0.06171875
28 0.05625 0.2484375 0.0265625 0.1015625