21 0.91015625 0.71640625 0.04609375 0.0640625
13 0.66875 0.45234375 0.0375 0.0734375
25 0.728125 0.459375 0.065625 0.05859375
10 0.58203125 0.47578125 0.0609375 0.0234375
10 0.05 0.646875 0.025 0.0640625
10 0.7109375 0.821875 0.028125 0.0640625
37 0.66171875 0.59140625 0.034375 0.0859375
7 0.06171875 0.709375 0.0484375 0.05546875
2 0.0640625 0.7640625 0.04453125 0.0859375
6 0.91640625 0.62265625 0.04453125 0.0484375
5 0.815625 0.965625 0.03203125 0.028125
28 0.709375 0.98828125 0.01796875 0.0234375
33 0.65859375 0.659375 0.0390625 0.05