21 0.92578125 0.33125 0.0453125 0.06328125
13 0.6859375 0.59453125 0.0375 0.0734375
25 0.7453125 0.58671875 0.06484375 0.0578125
10 0.59921875 0.57109375 0.0609375 0.0234375
10 0.0703125 0.40078125 0.025 0.06328125
10 0.728125 0.2265625 0.02734375 0.06328125
37 0.67890625 0.45546875 0.034375 0.0859375
7 0.08203125 0.33828125 0.0484375 0.05546875
2 0.084375 0.284375 0.04453125 0.0859375
6 0.93203125 0.425 0.04453125 0.0484375
5 0.83203125 0.084375 0.03203125 0.02734375
28 0.72578125 0.040625 0.01796875 0.06484375
33 0.67578125 0.38828125 0.0390625 0.05