22 0.40390625 0.0203125 0.0703125 0.03984375
22 0.0515625 0.628125 0.06484375 0.05234375
22 0.98203125 0.5875 0.0359375 0.05078125
20 0.0390625 0.3484375 0.0390625 0.0328125
20 0.03984375 0.11015625 0.0390625 0.03046875
20 0.78125 0.31484375 0.03984375 0.03046875
31 0.03359375 0.18125 0.0265625 0.03203125
10 0.509375 0.64296875 0.0328125 0.05625
10 0.559375 0.57890625 0.03046875 0.0609375
2 0.503125 0.61484375 0.0453125 0.06640625
27 0.7796875 0.03671875 0.04296875 0.0375
23 0.5859375 0.0171875 0.0625 0.034375
28 0.0578125 0.86796875 0.115625 0.0203125
28 0.95546875 0.8703125 0.08828125 0.01953125
14 0.9078125 0.05625 0.18359375 0.11171875