22 0.421875 0.05859375 0.0671875 0.0484375
22 0.08515625 0.6453125 0.06171875 0.05
22 0.978125 0.60625 0.04375 0.0484375
20 0.07265625 0.37734375 0.03671875 0.03203125
20 0.07421875 0.15078125 0.03671875 0.02890625
20 0.78203125 0.3453125 0.03828125 0.02890625
31 0.06796875 0.21796875 0.025 0.03046875
10 0.52265625 0.65859375 0.03203125 0.05390625
10 0.56953125 0.59765625 0.02890625 0.0578125
2 0.51640625 0.63203125 0.04375 0.06328125
27 0.78046875 0.0796875 0.040625 0.0359375
23 0.5953125 0.0546875 0.059375 0.04609375
28 0.07265625 0.875 0.1453125 0.01875
28 0.953125 0.87578125 0.09375 0.01875
14 0.9078125 0.07578125 0.184375 0.1515625
14 0.01953125 0.33515625 0.0390625 0.1203125