22 0.5609375 0.98828125 0.06875 0.02265625
22 0.903125 0.40625 0.06328125 0.05078125
22 0.00859375 0.44609375 0.0171875 0.04921875
20 0.915625 0.678125 0.0375 0.03203125
20 0.9140625 0.90859375 0.0375 0.0296875
20 0.1953125 0.71015625 0.0390625 0.0296875
31 0.9203125 0.83984375 0.02578125 0.03046875
10 0.45859375 0.3921875 0.03203125 0.0546875
10 0.41015625 0.4546875 0.0296875 0.05859375
2 0.46484375 0.41953125 0.04453125 0.0640625
27 0.19609375 0.98046875 0.04140625 0.0359375
23 0.384375 0.99140625 0.06015625 0.0171875
28 0.92109375 0.17265625 0.1578125 0.01875
28 0.034375 0.171875 0.06875 0.01875
14 0.08046875 0.95390625 0.1609375 0.0921875
14 0.975 0.7203125 0.04921875 0.121875