22 0.55703125 0.9703125 0.0640625 0.04921875
21 0.8546875 0.65703125 0.05078125 0.05390625
21 0.80234375 0.85 0.05078125 0.05234375
21 0.5625 0.65625 0.05234375 0.05078125
21 0.27109375 0.65703125 0.05078125 0.05078125
21 0.2703125 0.2375 0.04921875 0.04921875
21 0.2703125 0.44765625 0.04921875 0.05234375
21 0.56171875 0.2375 0.0484375 0.04921875
21 0.5625 0.44765625 0.04921875 0.05234375
21 0.85546875 0.23828125 0.04921875 0.05390625
21 0.85546875 0.44765625 0.04921875 0.05234375
36 0.23828125 0.8984375 0.01953125 0.071875
20 0.42265625 0.7046875 0.040625 0.0296875
20 0.45234375 0.7515625 0.03515625 0.0328125
20 0.95546875 0.74765625 0.0390625 0.02578125
10 0.096875 0.7078125 0.0734375 0.02109375
10 0.2421875 0.80234375 0.02734375 0.0484375
10 0.19140625 0.9765625 0.02734375 0.046875
37 0.31875 0.18515625 0.0703125 0.03125
37 0.9625 0.18515625 0.06796875 0.03125
37 0.184375 0.80390625 0.04453125 0.046875
6 0.97109375 0.8 0.0546875 0.0390625
6 0.71640625 0.33203125 0.05390625 0.040625
27 0.39453125 0.703125 0.040625 0.0296875
28 0.71484375 0.825 0.025 0.065625
27 0.66640625 0.99296875 0.040625 0.0140625
33 0.25078125 0.7625 0.04140625 0.03125
33 0.184375 0.76328125 0.04140625 0.0328125
25 0.640625 0.0890625 0.06171875 0.0453125
2 0.25234375 0.85703125 0.0453125 0.06171875