22 0.5390625 0.9359375 0.0609375 0.04765625
21 0.82421875 0.63671875 0.0484375 0.0515625
21 0.77421875 0.82109375 0.0484375 0.05
21 0.5453125 0.6359375 0.05 0.0484375
21 0.265625 0.63671875 0.0484375 0.0484375
21 0.26484375 0.23515625 0.04765625 0.04765625
21 0.26484375 0.4359375 0.04765625 0.05
21 0.54453125 0.23515625 0.04609375 0.04765625
21 0.5453125 0.4359375 0.04765625 0.05
21 0.825 0.2359375 0.04765625 0.0515625
21 0.825 0.4359375 0.04765625 0.05
21 0.98359375 0.821875 0.0296875 0.0515625
36 0.234375 0.86796875 0.01875 0.06875
20 0.4109375 0.68203125 0.0390625 0.02890625
20 0.4390625 0.7265625 0.03359375 0.03125
20 0.92109375 0.7234375 0.0375 0.025
10 0.0984375 0.68515625 0.0703125 0.0203125
10 0.23828125 0.77578125 0.0265625 0.04609375
10 0.1890625 0.9453125 0.0265625 0.0515625
10 0.87890625 0.975 0.0703125 0.0203125
37 0.3109375 0.18515625 0.0671875 0.0296875
37 0.92734375 0.18515625 0.06484375 0.0296875
37 0.1828125 0.77734375 0.0421875 0.0453125
6 0.9359375 0.7734375 0.05234375 0.0375
6 0.6921875 0.32578125 0.0515625 0.0390625
27 0.384375 0.68046875 0.0390625 0.02890625
28 0.690625 0.79765625 0.0234375 0.0625
27 0.64453125 0.96640625 0.0390625 0.0296875
33 0.24609375 0.7375 0.03984375 0.0296875
33 0.1828125 0.73828125 0.03984375 0.03125
5 0.98671875 0.390625 0.0234375 0.0234375
25 0.61953125 0.09296875 0.05859375 0.04375
2 0.2484375 0.828125 0.04375 0.05859375