22 0.54375 0.9453125 0.06171875 0.0484375
21 0.83203125 0.6421875 0.04921875 0.0515625
21 0.78203125 0.82890625 0.04921875 0.05078125
21 0.54921875 0.64140625 0.05078125 0.04921875
21 0.26640625 0.6421875 0.04921875 0.04921875
21 0.265625 0.23515625 0.0484375 0.0484375
21 0.265625 0.4390625 0.0484375 0.05078125
21 0.5484375 0.23515625 0.046875 0.0484375
21 0.54921875 0.4390625 0.0484375 0.05078125
21 0.8328125 0.2359375 0.0484375 0.0515625
21 0.8328125 0.4390625 0.0484375 0.05078125
21 0.9890625 0.8296875 0.021875 0.0515625
36 0.23515625 0.8765625 0.01875 0.06953125
20 0.41328125 0.68828125 0.0390625 0.02890625
20 0.4421875 0.73359375 0.034375 0.03203125
20 0.93046875 0.73046875 0.03828125 0.025
10 0.09765625 0.69140625 0.07109375 0.0203125
10 0.23828125 0.7828125 0.0265625 0.046875
10 0.1890625 0.9546875 0.0265625 0.0515625
10 0.8875 0.98515625 0.07109375 0.0203125
37 0.3125 0.18515625 0.06796875 0.03046875
37 0.93671875 0.18515625 0.065625 0.03046875
37 0.18203125 0.78515625 0.04296875 0.0453125
6 0.9453125 0.78125 0.053125 0.03828125
6 0.6984375 0.32734375 0.0515625 0.0390625
27 0.38671875 0.68671875 0.0390625 0.02890625
28 0.696875 0.8046875 0.02421875 0.06328125
27 0.65 0.97578125 0.0390625 0.03046875
33 0.246875 0.74453125 0.040625 0.03046875
33 0.18203125 0.7453125 0.040625 0.03203125
5 0.9921875 0.39296875 0.01484375 0.02421875
25 0.625 0.09140625 0.059375 0.04453125
2 0.2484375 0.8359375 0.04453125 0.059375