22 0.68828125 0.703125 0.06328125 0.05078125
22 0.128125 0.1421875 0.06484375 0.04921875
21 0.75625 0.153125 0.0515625 0.0546875
21 0.97890625 0.15234375 0.0421875 0.053125
21 0.86953125 0.325 0.0546875 0.053125
20 0.4828125 0.43671875 0.0375 0.03046875
20 0.234375 0.07890625 0.0375 0.03046875
20 0.490625 0.03046875 0.034375 0.0265625
20 0.96796875 0.03046875 0.03984375 0.02890625
10 0.271875 0.69375 0.02890625 0.05546875
10 0.22578125 0.75703125 0.028125 0.05546875
10 0.6046875 0.0359375 0.071875 0.02109375
2 0.21875 0.69921875 0.0421875 0.06328125
5 0.95 0.296875 0.0328125 0.0265625
28 0.134375 0.07265625 0.09140625 0.01875
28 0.70625 0.978125 0.20546875 0.01953125
23 0.29921875 0.14140625 0.05703125 0.04375
27 0.48125 0.165625 0.03984375 0.034375
14 0.61875 0.153125 0.20546875 0.18203125