22 0.25859375 0.33359375 0.0640625 0.05078125
22 0.825 0.9 0.065625 0.04921875
21 0.18984375 0.8890625 0.05234375 0.0546875
21 0.07578125 0.715625 0.0546875 0.05390625
20 0.46640625 0.60234375 0.0375 0.03046875
20 0.7171875 0.96484375 0.0375 0.03046875
10 0.6796875 0.34296875 0.0296875 0.05625
10 0.72578125 0.27890625 0.028125 0.05625
2 0.73359375 0.3375 0.04296875 0.0640625
5 0.00546875 0.74375 0.0109375 0.0265625
28 0.81875 0.9703125 0.0921875 0.01875
28 0.240625 0.05546875 0.2078125 0.0203125
23 0.65234375 0.9015625 0.0578125 0.04453125
27 0.46796875 0.8765625 0.03984375 0.03515625
14 0.32890625 0.8890625 0.2078125 0.18359375