22 0.2984375 0.675 0.0625 0.04921875
22 0.84765625 0.1265625 0.06328125 0.0484375
21 0.23203125 0.13671875 0.05078125 0.053125
21 0.01796875 0.13671875 0.0359375 0.0515625
21 0.12109375 0.30546875 0.053125 0.0515625
20 0.5 0.41484375 0.03671875 0.0296875
20 0.74296875 0.0640625 0.03671875 0.0296875
20 0.4921875 0.0171875 0.03359375 0.02578125
20 0.025 0.0171875 0.0390625 0.02890625
10 0.70625 0.66640625 0.02890625 0.0546875
10 0.7515625 0.72890625 0.02734375 0.0546875
10 0.38046875 0.021875 0.0703125 0.02109375
2 0.75859375 0.67109375 0.04140625 0.0625
5 0.0421875 0.278125 0.0328125 0.02578125
28 0.840625 0.05859375 0.08984375 0.01796875
28 0.28125 0.94453125 0.2015625 0.01953125
23 0.6796875 0.125 0.05546875 0.04296875
27 0.5015625 0.14921875 0.0390625 0.03359375
14 0.3671875 0.13671875 0.2015625 0.178125