22 0.80859375 0.4078125 0.065625 0.05078125
22 0.01171875 0.61171875 0.0234375 0.053125
22 0.56171875 0.91640625 0.0671875 0.04921875
21 0.5046875 0.0671875 0.0515625 0.05625
21 0.81328125 0.0671875 0.0546875 0.05625
38 0.47109375 0.3265625 0.01796875 0.07578125
10 0.321875 0.121875 0.07578125 0.02265625
10 0.42265625 0.4125 0.028125 0.0578125
10 0.42265625 0.76171875 0.03046875 0.05625
10 0.39375 0.83515625 0.07578125 0.0234375
10 0.47578125 0.22578125 0.0265625 0.053125
37 0.4140625 0.22421875 0.04609375 0.053125
28 0.9734375 0.24765625 0.025 0.0671875
23 0.80390625 0.715625 0.06171875 0.04453125
27 0.921875 0.4359375 0.04453125 0.03515625
33 0.415625 0.18125 0.04609375 0.03203125
33 0.48515625 0.18125 0.04375 0.03515625
20 0.27890625 0.88515625 0.0390625 0.03046875
20 0.98515625 0.67890625 0.0296875 0.03046875
20 0.659375 0.11796875 0.0390625 0.03046875
20 0.69609375 0.16640625 0.0390625 0.03046875