22 0.25390625 0.41875 0.0625 0.04765625
22 0.48828125 0.9015625 0.06328125 0.04609375
22 0.00703125 0.90078125 0.0140625 0.0484375
21 0.54140625 0.096875 0.04921875 0.053125
21 0.25 0.096875 0.0515625 0.053125
21 0.01796875 0.2921875 0.0359375 0.0515625
38 0.5734375 0.3421875 0.0171875 0.071875
10 0.71484375 0.1484375 0.071875 0.02109375
10 0.61953125 0.4234375 0.0265625 0.0546875
10 0.61953125 0.7546875 0.02890625 0.053125
10 0.646875 0.82421875 0.071875 0.02265625
10 0.56953125 0.246875 0.025 0.05078125
37 0.628125 0.2453125 0.04375 0.05078125
28 0.0984375 0.26796875 0.02421875 0.06328125
28 0.0046875 0.67109375 0.009375 0.015625
23 0.25859375 0.7109375 0.05859375 0.0421875
27 0.146875 0.44609375 0.0421875 0.0328125
33 0.6265625 0.2046875 0.04375 0.03046875
33 0.56015625 0.2046875 0.04140625 0.0328125
20 0.75625 0.87109375 0.0375 0.02890625
20 0.08203125 0.6765625 0.0375 0.02890625
20 0.3953125 0.14453125 0.0375 0.02890625
20 0.3609375 0.190625 0.0375 0.02890625