22 0.45078125 0.771875 0.0546875 0.0546875
22 0.06328125 0.771875 0.05625 0.0546875
22 0.99765625 0.425 0.0046875 0.05
21 0.37265625 0.23984375 0.04375 0.05859375
21 0.51484375 0.421875 0.04375 0.06015625
21 0.23125 0.42421875 0.04375 0.05859375
20 0.62265625 0.50234375 0.0328125 0.0328125
20 0.403125 0.52578125 0.02734375 0.0328125
20 0.62265625 0.91328125 0.0328125 0.03125
20 0.14140625 0.68828125 0.034375 0.0328125
10 0.125 0.309375 0.0234375 0.05625
10 0.75625 0.17109375 0.05625 0.0234375
10 0.01484375 0.9609375 0.02421875 0.05859375
37 0.8828125 0.72578125 0.05703125 0.03828125
30 0.55078125 0.1890625 0.07890625 0.053125
5 0.51640625 0.26953125 0.0296875 0.02890625
28 0.9890625 0.1703125 0.021875 0.01796875
28 0.41953125 0.91640625 0.0984375 0.01875
27 0.5734375 0.70234375 0.03828125 0.03828125
2 0.115625 0.378125 0.0421875 0.07890625
14 0.2171875 0.32578125 0.13359375 0.33984375
14 0.340625 0.96875 0.15625 0.0625