22 0.49453125 0.70234375 0.05390625 0.05390625
22 0.11171875 0.70234375 0.05546875 0.05390625
21 0.4171875 0.1765625 0.04296875 0.0578125
21 0.5578125 0.35703125 0.04296875 0.059375
21 0.27734375 0.35859375 0.04296875 0.0578125
21 0.4828125 0.98046875 0.0421875 0.0390625
31 0.021875 0.790625 0.0296875 0.021875
20 0.66484375 0.43671875 0.0328125 0.0328125
20 0.44765625 0.459375 0.02734375 0.0328125
20 0.01328125 0.83203125 0.0265625 0.0328125
20 0.66484375 0.8421875 0.0328125 0.03125
20 0.18828125 0.6203125 0.03359375 0.0328125
10 0.17265625 0.2453125 0.02265625 0.05546875
10 0.796875 0.10859375 0.05546875 0.02265625
10 0.06328125 0.88984375 0.02421875 0.0578125
37 0.921875 0.65703125 0.05703125 0.0375
30 0.59296875 0.1265625 0.078125 0.05234375
5 0.559375 0.20625 0.0296875 0.028125
28 0.46328125 0.84609375 0.09765625 0.01875
27 0.61640625 0.63359375 0.0375 0.0375
2 0.1625 0.31328125 0.0421875 0.078125
14 0.26328125 0.26171875 0.1328125 0.33671875
14 0.384375 0.93359375 0.15546875 0.1328125