22 0.7484375 0.5546875 0.05390625 0.05546875
21 0.15078125 0.30234375 0.0421875 0.0578125
21 0.15078125 0.48359375 0.0421875 0.059375
21 0.20234375 0.690625 0.0421875 0.05703125
13 0.38125 0.11640625 0.03515625 0.06484375
20 0.034375 0.82265625 0.03359375 0.0328125
20 0.346875 0.82421875 0.03359375 0.0328125
31 0.29375 0.878125 0.02265625 0.0296875
10 0.45703125 0.140625 0.05703125 0.021875
10 0.35859375 0.3875 0.02265625 0.05703125
37 0.40546875 0.28828125 0.03515625 0.05546875
28 0.3984375 0.50703125 0.01875 0.1296875
28 0.221875 0.59375 0.07578125 0.0203125
27 0.2875 0.91171875 0.03515625 0.03671875
25 0.29609375 0.1234375 0.0515625 0.05234375
6 0.02265625 0.38046875 0.0421875 0.04765625
5 0.28359375 0.69609375 0.0296875 0.0296875