22 0.259375 0.56171875 0.05078125 0.05234375
21 0.82578125 0.32265625 0.03984375 0.0546875
21 0.82578125 0.49453125 0.03984375 0.05625
21 0.7765625 0.690625 0.03984375 0.05390625
13 0.60703125 0.146875 0.03359375 0.06171875
20 0.97890625 0.2484375 0.034375 0.03046875
20 0.93515625 0.815625 0.03203125 0.03046875
20 0.63984375 0.8171875 0.03203125 0.03046875
31 0.68984375 0.86796875 0.021875 0.028125
10 0.5359375 0.1703125 0.05390625 0.0203125
10 0.62890625 0.40390625 0.021875 0.05390625
37 0.584375 0.31015625 0.03359375 0.05234375
28 0.590625 0.51640625 0.01796875 0.12265625
28 0.75859375 0.59921875 0.071875 0.01953125
27 0.6953125 0.9 0.03359375 0.034375
25 0.68828125 0.15390625 0.0484375 0.05
6 0.946875 0.396875 0.03984375 0.04453125
5 0.69921875 0.6953125 0.028125 0.028125