22 0.2359375 0.578125 0.05234375 0.05390625
21 0.8171875 0.3328125 0.040625 0.05625
21 0.8171875 0.509375 0.040625 0.0578125
21 0.7671875 0.71015625 0.040625 0.05546875
13 0.59296875 0.15234375 0.034375 0.06328125
20 0.97421875 0.25625 0.03515625 0.03125
20 0.9296875 0.83828125 0.0328125 0.03125
20 0.6265625 0.83984375 0.0328125 0.03125
31 0.678125 0.8921875 0.02265625 0.02890625
10 0.51953125 0.17578125 0.05546875 0.02109375
10 0.61484375 0.415625 0.02265625 0.05546875
37 0.56953125 0.31953125 0.034375 0.05390625
28 0.57578125 0.53125 0.01875 0.12578125
28 0.74765625 0.61640625 0.0734375 0.01953125
27 0.68359375 0.92421875 0.034375 0.03515625
25 0.67578125 0.159375 0.05 0.0515625
6 0.94140625 0.40859375 0.040625 0.04609375
5 0.6875 0.71484375 0.02890625 0.02890625