22 0.06484375 0.85703125 0.08359375 0.05390625
22 0.95703125 0.85625 0.08125 0.05
22 0.4125 0.39453125 0.08125 0.0515625
21 0.028125 0.29765625 0.05625 0.0578125
20 0.225 0.4484375 0.0421875 0.03515625
20 0.21875 0.6078125 0.04609375 0.02734375
20 0.59765625 0.5625 0.04453125 0.03125
20 0.89296875 0.6078125 0.04609375 0.02734375
20 0.21328125 0.17890625 0.0484375 0.028125
20 0.4984375 0.04609375 0.04296875 0.0328125
31 0.2203125 0.5484375 0.0328125 0.0296875
10 0.5515625 0.8578125 0.03515625 0.05703125
10 0.9828125 0.6046875 0.03359375 0.0203125
30 0.93359375 0.1671875 0.08359375 0.04765625
27 0.22890625 0.24296875 0.05234375 0.03515625
23 0.55546875 0.48984375 0.07265625 0.04453125
14 0.7078125 0.10703125 0.3390625 0.17578125
28 0.7734375 0.42734375 0.16328125 0.0171875
28 0.8984375 0.3046875 0.02421875 0.05