22 0.0234375 0.1328125 0.046875 0.05625
22 0.92890625 0.13359375 0.084375 0.0515625
22 0.3640625 0.61171875 0.084375 0.053125
20 0.1703125 0.55625 0.04375 0.03671875
20 0.1640625 0.390625 0.04765625 0.028125
20 0.55703125 0.4375 0.04609375 0.03203125
20 0.8625 0.390625 0.04765625 0.028125
20 0.15859375 0.83515625 0.05078125 0.0296875
20 0.45390625 0.9734375 0.04453125 0.03359375
31 0.165625 0.45234375 0.03359375 0.03046875
10 0.50859375 0.13203125 0.03671875 0.05859375
10 0.96875 0.39375 0.0625 0.021875
30 0.9046875 0.84765625 0.08671875 0.04921875
27 0.17421875 0.76875 0.0546875 0.03671875
23 0.5125 0.51328125 0.07578125 0.04609375
14 0.6703125 0.909375 0.3515625 0.18046875
28 0.7390625 0.57734375 0.16953125 0.01796875
28 0.86796875 0.70546875 0.025 0.0515625