22 0.0484375 0.81640625 0.08203125 0.053125
22 0.91953125 0.815625 0.07890625 0.0484375
22 0.3875 0.365625 0.07890625 0.05
21 0.0203125 0.26953125 0.040625 0.05703125
20 0.20546875 0.41796875 0.040625 0.034375
20 0.19921875 0.57421875 0.04453125 0.0265625
20 0.56953125 0.5296875 0.04375 0.03046875
20 0.8578125 0.57421875 0.04453125 0.0265625
20 0.19375 0.1546875 0.04765625 0.02734375
20 0.47265625 0.025 0.0421875 0.03203125
31 0.20078125 0.515625 0.03203125 0.02890625
10 0.5234375 0.81796875 0.034375 0.05546875
10 0.9640625 0.5703125 0.07109375 0.01953125
30 0.896875 0.14296875 0.08203125 0.04609375
27 0.209375 0.21796875 0.0515625 0.034375
23 0.52734375 0.45859375 0.07109375 0.04375
14 0.67578125 0.08515625 0.33125 0.1703125
28 0.740625 0.39765625 0.159375 0.0171875
28 0.8625 0.27734375 0.0234375 0.0484375