22 0.93359375 0.7125 0.0421875 0.0453125
21 0.83203125 0.2140625 0.03359375 0.05
36 0.45625 0.9328125 0.01484375 0.13359375
36 0.0484375 0.9328125 0.0125 0.13359375
12 0.6703125 0.46484375 0.01484375 0.0703125
15 0.96328125 0.35859375 0.03359375 0.025
0 0.9890625 0.36171875 0.01875 0.0265625
2 0.7328125 0.8609375 0.0296875 0.0609375
10 0.728125 0.95078125 0.0265625 0.06640625
24 0.25078125 0.54140625 0.03125 0.02734375
33 0.7328125 0.9015625 0.0296875 0.0375
27 0.99375 0.85546875 0.01015625 0.02890625
23 0.9359375 0.78359375 0.0359375 0.03984375
20 0.66171875 0.61328125 0.0234375 0.0265625
20 0.9328125 0.3609375 0.02109375 0.0265625