22 0.94296875 0.26875 0.04375 0.046875
21 0.8375 0.784375 0.03515625 0.0515625
36 0.45 0.0546875 0.015625 0.109375
36 0.02734375 0.0546875 0.0140625 0.109375
12 0.6703125 0.52421875 0.015625 0.07265625
15 0.9734375 0.634375 0.03515625 0.02578125
0 0.9953125 0.63125 0.009375 0.02734375
2 0.73515625 0.115625 0.03125 0.06328125
10 0.7296875 0.028125 0.028125 0.05625
24 0.23671875 0.44609375 0.03203125 0.028125
33 0.73515625 0.0734375 0.03125 0.0390625
23 0.9453125 0.1953125 0.0375 0.04140625
20 0.6625 0.37109375 0.02421875 0.02734375
20 0.9421875 0.6328125 0.021875 0.02734375