22 0.61796875 0.34375 0.07734375 0.0484375
22 0.09140625 0.7828125 0.0765625 0.04453125
20 0.55390625 0.57890625 0.04453125 0.028125
20 0.2671875 0.6203125 0.04296875 0.0265625
10 0.3359375 0.1078125 0.08671875 0.02421875
10 0.22734375 0.34453125 0.03203125 0.05625
10 0.95 0.18359375 0.034375 0.05625
10 0.6671875 0.58203125 0.0828125 0.021875
30 0.5984375 0.9875 0.08125 0.025
2 0.93984375 0.1578125 0.05625 0.07109375
23 0.23125 0.690625 0.0671875 0.04296875
14 0.3765625 0.98359375 0.321875 0.0328125
28 0.4421875 0.7515625 0.159375 0.01875
28 0.56328125 0.865625 0.0265625 0.05234375
28 0.7140625 0.1046875 0.159375 0.01640625