22 0.62734375 0.33359375 0.078125 0.0484375
22 0.0984375 0.77578125 0.0765625 0.04453125
20 0.56328125 0.5703125 0.04453125 0.028125
20 0.275 0.61171875 0.04375 0.0265625
10 0.34375 0.096875 0.08671875 0.02421875
10 0.234375 0.33515625 0.03203125 0.05625
10 0.9609375 0.17265625 0.034375 0.05625
10 0.67734375 0.5734375 0.0828125 0.021875
30 0.60703125 0.984375 0.08203125 0.03046875
2 0.9515625 0.146875 0.05625 0.071875
23 0.23828125 0.6828125 0.06796875 0.04375
14 0.384375 0.98046875 0.3234375 0.03828125
28 0.45078125 0.74375 0.16015625 0.01953125
28 0.571875 0.85859375 0.0265625 0.05234375
28 0.72421875 0.09375 0.16015625 0.01640625