22 0.6171875 0.3390625 0.0765625 0.04765625
22 0.1 0.7703125 0.075 0.04375
20 0.5546875 0.5703125 0.04375 0.02734375
20 0.27265625 0.6109375 0.0421875 0.0265625
10 0.33984375 0.10703125 0.08515625 0.0234375
10 0.2328125 0.33984375 0.03125 0.0546875
10 0.94296875 0.18125 0.03359375 0.0546875
10 0.665625 0.5734375 0.08125 0.02109375
30 0.59765625 0.9796875 0.0796875 0.0390625
2 0.93359375 0.15625 0.0546875 0.0703125
23 0.23671875 0.6796875 0.06640625 0.0421875
14 0.3796875 0.97578125 0.31640625 0.04609375
28 0.44453125 0.7390625 0.15625 0.01875
28 0.56328125 0.8515625 0.0265625 0.0515625
28 0.71171875 0.1046875 0.15625 0.01640625