22 0.81171875 0.53046875 0.07421875 0.05
22 0.92734375 0.95234375 0.07578125 0.04609375
22 0.0984375 0.99609375 0.075 0.0078125
21 0.3171875 0.02421875 0.05703125 0.0484375
21 0.31328125 0.24765625 0.05703125 0.05390625
21 0.3125 0.51171875 0.0515625 0.05234375
21 0.68203125 0.1453125 0.05546875 0.05234375
21 0.97734375 0.14765625 0.04453125 0.05390625
21 0.9265625 0.37265625 0.05546875 0.05546875
20 0.61015625 0.44375 0.04453125 0.03359375
20 0.68828125 0.46875 0.0421875 0.0296875
20 0.609375 0.84921875 0.04296875 0.03125
31 0.67265625 0.94609375 0.03125 0.0328125
10 0.61484375 0.9328125 0.0328125 0.05703125
10 0.6140625 0.3328125 0.03125 0.05234375
27 0.6796875 0.63671875 0.0484375 0.0328125
23 0.73359375 0.75 0.06484375 0.040625
28 0.66953125 0.9859375 0.0328125 0.028125
28 0.315625 0.646875 0.20703125 0.01484375
28 0.11328125 0.61171875 0.2265625 0.0171875
28 0.66640625 0.39765625 0.02421875 0.0515625
2 0.60390625 0.27265625 0.05703125 0.0703125
33 0.99296875 0.475 0.01328125 0.03359375