22 0.75234375 0.46640625 0.07265625 0.0484375
22 0.865625 0.05390625 0.07421875 0.04453125
22 0.05703125 0.0078125 0.0734375 0.015625
21 0.2703125 0.9609375 0.05546875 0.0484375
21 0.26640625 0.74296875 0.05546875 0.053125
21 0.26484375 0.48515625 0.05 0.0515625
21 0.62578125 0.8421875 0.05390625 0.0515625
21 0.921875 0.840625 0.05703125 0.053125
21 0.86484375 0.62109375 0.05390625 0.05390625
20 0.55625 0.55078125 0.04375 0.0328125
20 0.6328125 0.5265625 0.040625 0.02890625
20 0.55546875 0.1546875 0.0421875 0.03046875
31 0.61640625 0.0609375 0.03046875 0.03203125
10 0.5609375 0.07421875 0.03203125 0.05546875
10 0.56015625 0.65859375 0.03046875 0.0515625
27 0.62421875 0.3625 0.04765625 0.03203125
23 0.6765625 0.25234375 0.06328125 0.03984375
5 0.99453125 0.61484375 0.0109375 0.01875
28 0.61328125 0.0171875 0.03203125 0.034375
28 0.26875 0.353125 0.2015625 0.01484375
28 0.090625 0.38671875 0.18046875 0.015625
28 0.6109375 0.59609375 0.0234375 0.05
2 0.55 0.71796875 0.05546875 0.06875
33 0.95 0.5203125 0.053125 0.0328125