22 0.7578125 0.4546875 0.071875 0.0484375
22 0.8703125 0.04453125 0.0734375 0.04453125
21 0.278125 0.946875 0.05546875 0.0484375
21 0.27421875 0.7296875 0.05546875 0.05234375
21 0.27265625 0.4734375 0.05 0.0515625
21 0.63203125 0.82890625 0.05390625 0.0515625
21 0.92578125 0.8265625 0.05625 0.05234375
21 0.86953125 0.60859375 0.05390625 0.05390625
20 0.5625 0.5390625 0.04296875 0.0328125
20 0.63828125 0.5140625 0.040625 0.02890625
20 0.56171875 0.1453125 0.0421875 0.03046875
31 0.62265625 0.0515625 0.03046875 0.03125
10 0.5671875 0.0640625 0.03125 0.05546875
10 0.56640625 0.64609375 0.03046875 0.0515625
27 0.6296875 0.3515625 0.046875 0.03125
23 0.68203125 0.24140625 0.06328125 0.0390625
5 0.996875 0.60234375 0.00625 0.01875
28 0.61953125 0.0125 0.03125 0.025
28 0.2765625 0.3421875 0.20078125 0.0140625
28 0.09453125 0.375 0.1890625 0.015625
28 0.6171875 0.584375 0.0234375 0.05
2 0.55625 0.7046875 0.05546875 0.06796875
33 0.95390625 0.50859375 0.05234375 0.0328125