22 0.3703125 0.9265625 0.04453125 0.046875
22 0.16015625 0.59140625 0.04453125 0.05078125
22 0.946875 0.8171875 0.04453125 0.04921875
21 0.45703125 0.41875 0.0375 0.04921875
21 0.2609375 0.28046875 0.03359375 0.05390625
21 0.45625 0.28046875 0.0359375 0.05390625
20 0.7015625 0.875 0.02578125 0.028125
20 0.015625 0.48203125 0.03046875 0.02578125
20 0.1640625 0.37578125 0.02578125 0.028125
20 0.05625 0.65703125 0.02421875 0.0265625
10 0.65625 0.7734375 0.02578125 0.0671875
10 0.26328125 0.0640625 0.02265625 0.06875
30 0.3640625 0.46796875 0.04921875 0.03984375
2 0.6640625 0.671875 0.03359375 0.07265625
7 0.66171875 0.71640625 0.03359375 0.04453125
27 0.22578125 0.525 0.028125 0.028125
23 0.0078125 0.28046875 0.015625 0.0453125
23 0.2921875 0.94296875 0.03984375 0.04453125
23 0.80390625 0.81953125 0.0390625 0.04453125
28 0.99375 0.3515625 0.01171875 0.02578125
14 0.26015625 0.41484375 0.153125 0.1671875
5 0.52109375 0.2921875 0.02265625 0.02421875