22 0.60390625 0.971875 0.0453125 0.0484375
22 0.81953125 0.628125 0.0453125 0.05234375
22 0.01796875 0.859375 0.0359375 0.05078125
21 0.51484375 0.4515625 0.03828125 0.05078125
21 0.71640625 0.309375 0.034375 0.0546875
21 0.515625 0.309375 0.03671875 0.0546875
20 0.2640625 0.91796875 0.02578125 0.02890625
20 0.96796875 0.515625 0.03125 0.02578125
20 0.815625 0.40703125 0.02578125 0.02890625
20 0.92578125 0.6953125 0.025 0.02734375
10 0.98671875 0.91796875 0.02578125 0.02734375
10 0.3109375 0.81484375 0.02578125 0.06875
10 0.71328125 0.0875 0.0234375 0.0703125
30 0.6109375 0.5015625 0.05078125 0.04140625
2 0.303125 0.71015625 0.034375 0.07421875
7 0.30546875 0.75625 0.034375 0.0453125
27 0.75234375 0.559375 0.02890625 0.02890625
23 0.98359375 0.30859375 0.0328125 0.0453125
23 0.684375 0.9828125 0.04140625 0.034375
23 0.16015625 0.86171875 0.03984375 0.0453125
14 0.7171875 0.446875 0.15625 0.171875
5 0.45 0.32109375 0.0234375 0.025