22 0.578125 0.9375 0.04375 0.04609375
22 0.7859375 0.60703125 0.04375 0.05
22 0.01640625 0.82890625 0.0328125 0.0484375
21 0.49375 0.4375 0.03671875 0.0484375
21 0.68671875 0.30078125 0.0328125 0.053125
21 0.49375 0.30078125 0.0359375 0.053125
20 0.25234375 0.8859375 0.025 0.02734375
20 0.928125 0.49921875 0.03046875 0.025
20 0.78203125 0.3953125 0.025 0.02734375
20 0.8875 0.671875 0.0234375 0.0265625
10 0.9640625 0.88515625 0.0609375 0.0265625
10 0.29765625 0.7859375 0.025 0.065625
10 0.684375 0.0875 0.02265625 0.0671875
30 0.58515625 0.48515625 0.0484375 0.03984375
2 0.28984375 0.6859375 0.0328125 0.07109375
7 0.2921875 0.73046875 0.0328125 0.04375
27 0.72109375 0.54140625 0.02734375 0.02734375
23 0.946875 0.3 0.03984375 0.04375
23 0.65546875 0.953125 0.03984375 0.04375
23 0.15234375 0.83203125 0.03828125 0.04375
14 0.6875 0.43359375 0.15078125 0.16484375
5 0.43046875 0.3125 0.02265625 0.0234375