22 0.1453125 0.36796875 0.0265625 0.0296875
22 0.70234375 0.359375 0.0265625 0.0296875
22 0.40234375 0.5421875 0.025 0.028125
22 0.57578125 0.54140625 0.025 0.0296875
22 0.73125 0.6796875 0.025 0.0296875
22 0.1328125 0.68984375 0.028125 0.0296875
21 0.4375 0.2734375 0.02109375 0.03046875
21 0.3734375 0.365625 0.01796875 0.03046875
21 0.50078125 0.365625 0.02109375 0.03046875
21 0.4078125 0.690625 0.01953125 0.03046875
21 0.37421875 0.8125 0.01953125 0.03046875
21 0.45078125 0.81171875 0.01953125 0.0296875
30 0.35546875 0.246875 0.0390625 0.025
10 0.265625 0.23828125 0.0265625 0.0109375
10 0.1359375 0.49609375 0.025 0.0109375
37 0.209375 0.51875 0.0296875 0.01796875
37 0.040625 0.51953125 0.028125 0.01953125
28 0.1265625 0.2375 0.07734375 0.0125
20 0.32421875 0.4078125 0.015625 0.0171875
20 0.42421875 0.41875 0.0109375 0.0171875
5 0.37265625 0.2875 0.0140625 0.015625
14 0.50625 0.3171875 0.06015625 0.17265625
10 0.54765625 0.30859375 0.0109375 0.0296875
10 0.63046875 0.2390625 0.028125 0.0125
2 0.55078125 0.34296875 0.02109375 0.0390625
20 0.6375 0.47578125 0.0171875 0.015625
20 0.540625 0.50078125 0.0171875 0.01796875
10 0.8 0.2390625 0.028125 0.0125
28 0.85859375 0.39375 0.00859375 0.0671875
10 0.753125 0.4984375 0.028125 0.0140625
31 0.61640625 0.5875 0.0140625 0.01015625
10 0.59765625 0.63828125 0.0109375 0.0296875
20 0.62265625 0.609375 0.015625 0.0171875
28 0.41640625 0.61640625 0.04375 0.00859375
14 0.453125 0.68359375 0.06875 0.11484375
20 0.32421875 0.61640625 0.015625 0.0171875
20 0.29140625 0.70859375 0.0171875 0.0140625
27 0.34765625 0.50703125 0.0171875 0.0171875
10 0.85703125 0.84296875 0.0109375 0.03046875
10 0.59765625 0.828125 0.01015625 0.0296875
28 0.71328125 0.865625 0.07734375 0.0109375
5 0.4140625 0.775 0.0125 0.015625
10 0.2609375 0.91171875 0.01015625 0.03046875
28 0.1328125 0.95234375 0.078125 0.0109375