22 0.21171875 0.55234375 0.025 0.02734375
22 0.73671875 0.56015625 0.025 0.02734375
22 0.45390625 0.3875 0.0234375 0.0265625
22 0.6171875 0.38828125 0.0234375 0.02734375
22 0.7640625 0.2578125 0.0234375 0.02734375
22 0.20078125 0.2484375 0.0265625 0.02734375
21 0.4875 0.64140625 0.01953125 0.02890625
21 0.4265625 0.55390625 0.0171875 0.02890625
21 0.546875 0.55390625 0.01953125 0.02890625
21 0.459375 0.24765625 0.01875 0.02890625
21 0.42734375 0.13359375 0.01875 0.02890625
21 0.5 0.13359375 0.01875 0.02734375
30 0.41015625 0.66640625 0.03671875 0.0234375
10 0.325 0.67421875 0.025 0.0109375
10 0.0421875 0.6421875 0.0109375 0.02734375
10 0.0421875 0.46328125 0.0109375 0.0265625
10 0.203125 0.43125 0.0234375 0.0109375
37 0.27265625 0.409375 0.02734375 0.0171875
37 0.11328125 0.40859375 0.0265625 0.01875
28 0.19453125 0.675 0.07265625 0.01171875
20 0.38046875 0.51484375 0.01484375 0.015625
20 0.475 0.50390625 0.0109375 0.015625
5 0.42578125 0.62734375 0.01328125 0.01484375
14 0.55234375 0.59921875 0.05703125 0.1625
10 0.59140625 0.6078125 0.0109375 0.02734375
10 0.66875 0.6734375 0.0265625 0.01171875
2 0.59453125 0.575 0.01953125 0.03671875
20 0.67578125 0.45078125 0.015625 0.01484375
20 0.584375 0.4265625 0.015625 0.0171875
10 0.828125 0.6734375 0.0265625 0.01171875
28 0.88359375 0.52734375 0.0078125 0.06328125
10 0.78515625 0.42890625 0.0265625 0.01328125
31 0.65546875 0.3453125 0.01328125 0.009375
10 0.63828125 0.29765625 0.0109375 0.02734375
20 0.66171875 0.32421875 0.01484375 0.015625
28 0.46796875 0.31796875 0.040625 0.0078125
14 0.50234375 0.2546875 0.06484375 0.1078125
20 0.38046875 0.31796875 0.01484375 0.015625
20 0.34921875 0.23125 0.015625 0.01328125
27 0.40234375 0.42109375 0.015625 0.015625
10 0.8828125 0.10390625 0.0109375 0.02890625
10 0.6375 0.11796875 0.009375 0.02734375
28 0.74765625 0.0828125 0.07265625 0.0109375
5 0.46484375 0.16796875 0.01171875 0.01484375
10 0.32109375 0.03984375 0.009375 0.02890625
28 0.20078125 0.003125 0.07421875 0.00625
10 0.04296875 0.09375 0.01171875 0.0265625
32 0.0453125 0.11328125 0.0171875 0.0234375
2 0.04453125 0.12578125 0.015625 0.0359375