22 0.21953125 0.44140625 0.02421875 0.02734375
22 0.73046875 0.43359375 0.02421875 0.02734375
22 0.4546875 0.6015625 0.0234375 0.02578125
22 0.6140625 0.60078125 0.0234375 0.02734375
22 0.75703125 0.728125 0.0234375 0.02734375
22 0.20859375 0.7375 0.02578125 0.02734375
21 0.4875 0.3546875 0.01953125 0.028125
21 0.42890625 0.43984375 0.01640625 0.028125
21 0.5453125 0.43984375 0.01953125 0.028125
21 0.46015625 0.7375 0.01796875 0.028125
21 0.4296875 0.85 0.01796875 0.028125
21 0.5 0.84921875 0.01796875 0.02734375
30 0.4125 0.33046875 0.0359375 0.0234375
10 0.3296875 0.32265625 0.02421875 0.01015625
10 0.05390625 0.35390625 0.01015625 0.02734375
10 0.05390625 0.528125 0.01015625 0.02578125
10 0.2109375 0.559375 0.0234375 0.01015625
37 0.278125 0.58046875 0.02734375 0.01640625
37 0.1234375 0.58125 0.02578125 0.01796875
28 0.20234375 0.321875 0.0703125 0.01171875
20 0.38359375 0.478125 0.0140625 0.015625
20 0.47578125 0.48828125 0.01015625 0.015625
5 0.428125 0.36796875 0.0125 0.0140625
14 0.55078125 0.3953125 0.05546875 0.1578125
10 0.5890625 0.3875 0.01015625 0.02734375
10 0.66484375 0.3234375 0.02578125 0.01171875
2 0.5921875 0.41875 0.01953125 0.0359375
20 0.67109375 0.540625 0.015625 0.0140625
20 0.58203125 0.56328125 0.015625 0.01640625
10 0.8203125 0.3234375 0.02578125 0.01171875
28 0.87421875 0.465625 0.0078125 0.06171875
10 0.77734375 0.56171875 0.02578125 0.0125
31 0.6515625 0.64296875 0.0125 0.009375
10 0.63515625 0.68984375 0.01015625 0.02734375
20 0.6578125 0.66328125 0.0140625 0.015625
28 0.46875 0.66953125 0.03984375 0.0078125
14 0.5015625 0.73125 0.06328125 0.10546875
20 0.38359375 0.66953125 0.0140625 0.015625
20 0.353125 0.7546875 0.015625 0.0125
27 0.4046875 0.56953125 0.015625 0.015625
10 0.87265625 0.878125 0.01015625 0.028125
10 0.634375 0.8640625 0.009375 0.02734375
28 0.740625 0.8984375 0.0703125 0.01015625
5 0.465625 0.815625 0.01171875 0.0140625
10 0.32578125 0.940625 0.009375 0.028125
28 0.20859375 0.978125 0.071875 0.01015625
10 0.0546875 0.88828125 0.01171875 0.02578125
32 0.05703125 0.86875 0.01640625 0.0234375
2 0.05625 0.85703125 0.015625 0.034375