22 0.75234375 0.34609375 0.02578125 0.02578125
22 0.89609375 0.64609375 0.02734375 0.02578125
22 0.621875 0.7078125 0.02734375 0.02578125
22 0.36953125 0.8296875 0.02578125 0.025
35 0.18828125 0.3796875 0.1203125 0.0625
10 0.23984375 0.40390625 0.0234375 0.0171875
37 0.065625 0.51484375 0.021875 0.025
17 0.08125 0.540625 0.0296875 0.03125
21 0.128125 0.5140625 0.0234375 0.02890625
21 0.22890625 0.465625 0.025 0.02734375
21 0.33125 0.4171875 0.025 0.0296875
21 0.45859375 0.35390625 0.0234375 0.02890625
21 0.4953125 0.43203125 0.025 0.02890625
21 0.559375 0.51015625 0.021875 0.02890625
20 0.64453125 0.53984375 0.009375 0.01953125
27 0.6390625 0.58984375 0.01953125 0.02109375
31 0.63671875 0.57265625 0.01171875 0.0140625
20 0.5203125 0.6 0.01171875 0.0171875
20 0.4203125 0.62109375 0.01015625 0.01796875
21 0.39453125 0.55078125 0.0234375 0.02890625
21 0.29296875 0.59921875 0.025 0.02890625
21 0.1921875 0.6484375 0.0234375 0.0296875
10 0.19609375 0.79140625 0.0171875 0.025
28 0.29375 0.70546875 0.0546875 0.0328125
20 0.4421875 0.7375 0.015625 0.01015625
10 0.4703125 0.7515625 0.0171875 0.025
33 0.4859375 0.771875 0.02109375 0.02109375
2 0.49765625 0.7953125 0.0296875 0.03125
38 0.5 0.815625 0.02109375 0.0375
10 0.515625 0.8796875 0.01796875 0.02578125
20 0.63203125 0.8609375 0.01328125 0.01953125
20 0.64453125 0.85546875 0.01171875 0.01796875
0 0.65859375 0.8515625 0.01171875 0.015625
13 0.78671875 0.84375 0.01953125 0.0296875
8 0.73359375 0.7765625 0.02109375 0.03359375
28 0.7328125 0.77578125 0.0296875 0.05078125
10 0.8 0.7859375 0.0234375 0.01796875
12 0.82109375 0.8515625 0.02109375 0.0375
12 0.8765625 0.96640625 0.021875 0.0390625
13 0.85859375 0.99296875 0.01953125 0.0140625
28 0.95390625 0.790625 0.0921875 0.0625
28 0.97734375 0.89765625 0.0453125 0.0484375
10 0.00625 0.88203125 0.0125 0.0265625
37 0.3296875 0.665625 0.021875 0.0234375
26 0.34921875 0.653125 0.01953125 0.025
37 0.246875 0.70546875 0.02578125 0.021875
29 0.284375 0.675 0.015625 0.0234375
39 0.17890625 0.459375 0.01015625 0.01015625
20 0.3234375 0.31484375 0.0171875 0.01328125
20 0.3765625 0.35 0.01171875 0.01796875
27 0.33359375 0.3375 0.01953125 0.01953125
13 0.51328125 0.228125 0.0234375 0.03125
10 0.55 0.225 0.021875 0.0171875
25 0.4796875 0.2484375 0.021875 0.02734375
37 0.5578125 0.3 0.021875 0.02578125
10 0.5609375 0.3484375 0.0171875 0.02578125
28 0.60078125 0.39375 0.03359375 0.05859375
28 0.546875 0.46640625 0.03671875 0.02109375
5 0.59375 0.49609375 0.01328125 0.015625
6 0.42890625 0.40859375 0.0171875 0.02578125
10 0.24609375 0.14765625 0.01953125 0.02578125
7 0.23046875 0.12734375 0.025 0.01953125
2 0.2234375 0.1078125 0.02578125 0.0296875
2 0.178125 0.01640625 0.01953125 0.0328125
7 0.16953125 0.00625 0.0171875 0.0125
10 0.85703125 0.18828125 0.01953125 0.025
7 0.840625 0.16875 0.02578125 0.02109375
2 0.82734375 0.13984375 0.02734375 0.02890625
24 0.803125 0.10078125 0.015625 0.01796875
24 0.9671875 0.021875 0.02109375 0.015625
2 0.98203125 0.06640625 0.02109375 0.03125
7 0.99296875 0.09296875 0.0140625 0.0296875
10 0.996875 0.12109375 0.00625 0.025