22 0.23359375 0.3390625 0.02734375 0.02734375
22 0.084375 0.65 0.028125 0.02734375
22 0.36796875 0.71328125 0.028125 0.02734375
22 0.6296875 0.83984375 0.02734375 0.02578125
35 0.8171875 0.37421875 0.12421875 0.06484375
10 0.76328125 0.39921875 0.02421875 0.0171875
37 0.94375 0.5140625 0.02265625 0.02578125
17 0.92734375 0.540625 0.03125 0.0328125
21 0.8796875 0.51328125 0.02421875 0.0296875
21 0.775 0.4625 0.02578125 0.028125
21 0.66953125 0.4125 0.02578125 0.03125
21 0.5375 0.34765625 0.02421875 0.0296875
21 0.49921875 0.428125 0.02578125 0.0296875
21 0.4328125 0.509375 0.02265625 0.0296875
20 0.3453125 0.53984375 0.009375 0.0203125
27 0.35078125 0.5921875 0.0203125 0.021875
31 0.353125 0.5734375 0.0125 0.01484375
20 0.4734375 0.60234375 0.0125 0.0171875
20 0.57734375 0.62421875 0.0109375 0.01875
21 0.60390625 0.5515625 0.02421875 0.0296875
21 0.70859375 0.6015625 0.02578125 0.0296875
21 0.81328125 0.65234375 0.02421875 0.03125
10 0.80859375 0.80078125 0.0171875 0.02578125
28 0.7078125 0.71171875 0.05703125 0.03359375
20 0.55390625 0.74453125 0.01640625 0.0109375
10 0.525 0.75859375 0.0171875 0.02578125
33 0.509375 0.7796875 0.021875 0.021875
2 0.496875 0.80390625 0.03125 0.0328125
38 0.49453125 0.825 0.021875 0.0390625
10 0.478125 0.8921875 0.01875 0.02734375
20 0.3578125 0.87265625 0.01328125 0.0203125
20 0.3453125 0.86640625 0.0125 0.01875
0 0.33046875 0.8625 0.0125 0.01640625
13 0.19765625 0.8546875 0.0203125 0.03125
8 0.25234375 0.78515625 0.021875 0.03515625
28 0.253125 0.784375 0.03125 0.05234375
10 0.18359375 0.79453125 0.02421875 0.01875
12 0.1625 0.8625 0.021875 0.0390625
12 0.1046875 0.98046875 0.02265625 0.0390625
28 0.0359375 0.80078125 0.071875 0.06328125
28 0.01171875 0.91015625 0.02265625 0.05
37 0.67109375 0.6703125 0.02265625 0.02421875
26 0.65078125 0.6578125 0.0203125 0.02578125
37 0.75703125 0.71171875 0.02734375 0.02265625
29 0.7171875 0.6796875 0.01640625 0.02421875
39 0.82734375 0.45703125 0.0109375 0.0109375
20 0.67734375 0.30703125 0.0171875 0.01328125
20 0.62265625 0.34296875 0.0125 0.01875
27 0.6671875 0.33046875 0.0203125 0.0203125
13 0.48125 0.2171875 0.02421875 0.0328125
10 0.4421875 0.2140625 0.02265625 0.0171875
25 0.515625 0.23828125 0.02265625 0.028125
37 0.434375 0.2921875 0.02265625 0.02734375
10 0.43203125 0.3421875 0.0171875 0.02734375
28 0.390625 0.38828125 0.03515625 0.0609375
28 0.44609375 0.46328125 0.0375 0.021875
5 0.39765625 0.49453125 0.01328125 0.01640625
6 0.56796875 0.40390625 0.0171875 0.02734375
10 0.7578125 0.13359375 0.0203125 0.02734375
7 0.7734375 0.1125 0.02578125 0.0203125
2 0.78125 0.0921875 0.02734375 0.03125
2 0.82734375 0.0078125 0.0203125 0.01484375
10 0.125 0.1765625 0.0203125 0.02578125
7 0.1421875 0.15546875 0.02734375 0.021875
2 0.15625 0.12578125 0.028125 0.0296875
24 0.18125 0.08515625 0.01640625 0.01875
24 0.0109375 0.00625 0.021875 0.0125
2 0.00390625 0.04921875 0.0078125 0.0328125