22 0.2375 0.6625 0.0265625 0.0265625
22 0.0921875 0.3609375 0.02734375 0.0265625
22 0.36796875 0.29921875 0.02734375 0.0265625
22 0.621875 0.1765625 0.0265625 0.025
35 0.8046875 0.62890625 0.12109375 0.06328125
10 0.75234375 0.6046875 0.0234375 0.0171875
37 0.92734375 0.49296875 0.02265625 0.025
17 0.91171875 0.4671875 0.03046875 0.03125
21 0.86484375 0.49375 0.0234375 0.02890625
21 0.76328125 0.54296875 0.025 0.02734375
21 0.6609375 0.59140625 0.025 0.03046875
21 0.5328125 0.6546875 0.0234375 0.02890625
21 0.4953125 0.57578125 0.025 0.02890625
21 0.43125 0.49765625 0.02265625 0.02890625
20 0.34609375 0.46796875 0.009375 0.01953125
27 0.35078125 0.4171875 0.01953125 0.02109375
31 0.35390625 0.43515625 0.01171875 0.0140625
20 0.4703125 0.4078125 0.01171875 0.0171875
20 0.57109375 0.3859375 0.01015625 0.01875
21 0.596875 0.45703125 0.0234375 0.02890625
21 0.6984375 0.4078125 0.025 0.02890625
21 0.80078125 0.35859375 0.0234375 0.03046875
10 0.79609375 0.21484375 0.0171875 0.025
28 0.6984375 0.3015625 0.05546875 0.0328125
20 0.5484375 0.26875 0.015625 0.01015625
10 0.5203125 0.25546875 0.0171875 0.025
33 0.50546875 0.23515625 0.02109375 0.02109375
2 0.49296875 0.2109375 0.03046875 0.03125
38 0.490625 0.190625 0.02109375 0.03828125
10 0.475 0.12578125 0.01875 0.0265625
20 0.35859375 0.1453125 0.01328125 0.01953125
20 0.34609375 0.15078125 0.01171875 0.01875
0 0.33125 0.1546875 0.01171875 0.015625
13 0.203125 0.16171875 0.01953125 0.03046875
8 0.25625 0.2296875 0.02109375 0.034375
28 0.25625 0.23046875 0.03046875 0.0515625
10 0.1890625 0.2203125 0.0234375 0.01875
12 0.16796875 0.15390625 0.02109375 0.03828125
12 0.1125 0.0390625 0.02265625 0.0390625
13 0.13046875 0.01015625 0.01953125 0.01953125
28 0.03984375 0.21484375 0.0796875 0.06171875
28 0.01640625 0.10859375 0.0328125 0.0484375
10 0.65703125 0.00390625 0.025 0.0078125
10 0.98984375 0.1234375 0.01875 0.0265625
37 0.66171875 0.34140625 0.02265625 0.0234375
26 0.6421875 0.35390625 0.01953125 0.025
37 0.7453125 0.3015625 0.0265625 0.02265625
29 0.70703125 0.33203125 0.015625 0.0234375
39 0.81328125 0.5484375 0.01015625 0.01015625
20 0.66875 0.69453125 0.0171875 0.01328125
20 0.61484375 0.65859375 0.01171875 0.01875
27 0.6578125 0.67109375 0.01953125 0.01953125
13 0.47734375 0.78046875 0.0234375 0.03125
10 0.440625 0.784375 0.02265625 0.0171875
25 0.5109375 0.76015625 0.02265625 0.02734375
37 0.43203125 0.70859375 0.02265625 0.0265625
10 0.4296875 0.66015625 0.0171875 0.0265625
28 0.38984375 0.61484375 0.034375 0.059375
28 0.44375 0.5421875 0.03671875 0.02109375
5 0.39609375 0.51171875 0.01328125 0.015625
6 0.5625 0.6 0.0171875 0.0265625
10 0.74609375 0.8625 0.01953125 0.0265625
7 0.76171875 0.8828125 0.025 0.01953125
2 0.76875 0.90234375 0.0265625 0.03046875
2 0.81484375 0.9890625 0.0203125 0.021875
10 0.13203125 0.82109375 0.01953125 0.025
7 0.1484375 0.84140625 0.0265625 0.02109375
2 0.16171875 0.8703125 0.02734375 0.02890625
24 0.18671875 0.909375 0.015625 0.01875
24 0.02109375 0.98828125 0.02109375 0.015625
2 0.00859375 0.94375 0.0171875 0.03125