22 0.42265625 0.60390625 0.03046875 0.03046875
22 0.13359375 0.5265625 0.02890625 0.02890625
22 0.18671875 0.21484375 0.03046875 0.03203125
22 0.7625 0.2953125 0.02734375 0.03046875
21 0.8640625 0.60546875 0.0234375 0.03203125
21 0.73515625 0.60546875 0.021875 0.03203125
21 0.86484375 0.51171875 0.025 0.03203125
21 0.73515625 0.51171875 0.021875 0.03203125
21 0.42734375 0.26484375 0.0234375 0.0328125
21 0.534375 0.22109375 0.021875 0.0328125
21 0.428125 0.17578125 0.025 0.03203125
20 0.35859375 0.25078125 0.01796875 0.01796875
30 0.39296875 0.30234375 0.03203125 0.021875
5 0.5390625 0.1828125 0.01484375 0.01484375
14 0.53671875 0.3109375 0.10625 0.08828125
10 0.60234375 0.275 0.0140625 0.0328125
10 0.88359375 0.13828125 0.03203125 0.0140625
28 0.77578125 0.134375 0.0703125 0.009375
28 0.1859375 0.04375 0.0703125 0.009375
37 0.0125 0.0859375 0.01953125 0.046875
10 0.0125 0.271875 0.01640625 0.04453125
33 0.0125 0.29375 0.01953125 0.02109375
20 0.25859375 0.37890625 0.01640625 0.01796875
10 0.20703125 0.38203125 0.0328125 0.0125
10 0.11640625 0.40390625 0.03203125 0.0125
10 0.25703125 0.4796875 0.0140625 0.03203125
2 0.253125 0.496875 0.01953125 0.04453125
20 0.2546875 0.52890625 0.01484375 0.01640625
27 0.28203125 0.47890625 0.01953125 0.0234375
23 0.31953125 0.51015625 0.0265625 0.0265625
28 0.1296875 0.6515625 0.05 0.009375
10 0.04375 0.64921875 0.034375 0.0140625
31 0.34921875 0.6484375 0.01953125 0.0125
20 0.4078125 0.64609375 0.01796875 0.01796875
28 0.4734375 0.65078125 0.0609375 0.0109375
20 0.56640625 0.55859375 0.01640625 0.01484375
28 0.6578125 0.50859375 0.009375 0.0328125
20 0.60078125 0.4484375 0.01640625 0.01796875
10 0.70625 0.4515625 0.03203125 0.0140625
30 0.684375 0.4859375 0.02890625 0.021875
14 0.846875 0.5 0.165625 0.06875
5 0.8 0.60859375 0.01640625 0.01484375
2 0.3578125 0.10546875 0.01953125 0.04296875
7 0.35859375 0.090625 0.02109375 0.02890625
10 0.36171875 0.06484375 0.0140625 0.0328125