22 0.43671875 0.6140625 0.028125 0.028125
22 0.16796875 0.54296875 0.02734375 0.02734375
22 0.2171875 0.25234375 0.028125 0.0296875
22 0.753125 0.328125 0.02578125 0.028125
21 0.84765625 0.61640625 0.021875 0.0296875
21 0.72734375 0.61640625 0.0203125 0.0296875
21 0.8484375 0.52890625 0.0234375 0.0296875
21 0.72734375 0.52890625 0.0203125 0.0296875
21 0.44140625 0.29921875 0.021875 0.03046875
21 0.54140625 0.25859375 0.0203125 0.03046875
21 0.4421875 0.21640625 0.0234375 0.0296875
20 0.37734375 0.2859375 0.01640625 0.01640625
30 0.409375 0.334375 0.0296875 0.0203125
5 0.5453125 0.22265625 0.0140625 0.0140625
14 0.54296875 0.3421875 0.09921875 0.08203125
10 0.60390625 0.30859375 0.0125 0.03046875
10 0.865625 0.18125 0.0296875 0.0125
28 0.765625 0.178125 0.065625 0.009375
28 0.21640625 0.09296875 0.065625 0.009375
37 0.05546875 0.13203125 0.01796875 0.04375
10 0.05546875 0.30625 0.015625 0.04140625
33 0.05546875 0.32578125 0.01796875 0.01953125
20 0.284375 0.40546875 0.015625 0.01640625
10 0.23671875 0.4078125 0.03046875 0.01171875
10 0.15234375 0.42890625 0.0296875 0.01171875
10 0.2828125 0.49921875 0.0125 0.0296875
2 0.27890625 0.515625 0.01796875 0.04140625
20 0.28046875 0.5453125 0.0140625 0.015625
27 0.30625 0.4984375 0.01796875 0.021875
23 0.34140625 0.52734375 0.02421875 0.02421875
28 0.16484375 0.65859375 0.04609375 0.009375
10 0.084375 0.65703125 0.03203125 0.0125
31 0.36875 0.65625 0.01796875 0.01171875
20 0.4234375 0.65390625 0.01640625 0.01640625
28 0.484375 0.6578125 0.05625 0.01015625
20 0.5703125 0.57265625 0.015625 0.0140625
28 0.65625 0.52578125 0.009375 0.03046875
20 0.603125 0.46953125 0.015625 0.01640625
10 0.70078125 0.47265625 0.0296875 0.0125
30 0.68046875 0.50546875 0.02734375 0.0203125
14 0.83125 0.51796875 0.15390625 0.0640625
5 0.78828125 0.61875 0.015625 0.0140625
2 0.3765625 0.15078125 0.01796875 0.03984375
7 0.37734375 0.13671875 0.01953125 0.02734375
10 0.38046875 0.11328125 0.0125 0.03046875