22 0.5828125 0.35390625 0.0296875 0.0296875
22 0.865625 0.42890625 0.028125 0.028125
22 0.81328125 0.734375 0.0296875 0.03125
22 0.25 0.65546875 0.02734375 0.0296875
21 0.15078125 0.35234375 0.02265625 0.03125
21 0.27734375 0.35234375 0.021875 0.03125
21 0.15 0.44375 0.02421875 0.03125
21 0.27734375 0.44375 0.021875 0.03125
21 0.57734375 0.68515625 0.02265625 0.0328125
21 0.47265625 0.728125 0.021875 0.0328125
21 0.57734375 0.77265625 0.02421875 0.03125
20 0.6453125 0.69921875 0.0171875 0.0171875
30 0.61171875 0.6484375 0.03125 0.021875
5 0.46796875 0.765625 0.01484375 0.01484375
14 0.47109375 0.640625 0.10390625 0.08671875
10 0.40703125 0.67578125 0.01328125 0.0328125
10 0.13203125 0.809375 0.03125 0.01328125
28 0.2375 0.8125 0.06875 0.009375
28 0.8140625 0.90234375 0.06875 0.009375
37 0.98359375 0.8609375 0.01875 0.04609375
10 0.98359375 0.678125 0.01640625 0.04296875
33 0.98359375 0.6578125 0.01875 0.0203125
20 0.74296875 0.5734375 0.01640625 0.0171875
10 0.79296875 0.57109375 0.0328125 0.0125
10 0.88203125 0.54921875 0.03125 0.0125
10 0.74453125 0.475 0.01328125 0.03125
2 0.7484375 0.4578125 0.01875 0.04296875
20 0.746875 0.42734375 0.01484375 0.01640625
27 0.7203125 0.4765625 0.01875 0.02265625
23 0.6828125 0.4453125 0.02578125 0.02578125
28 0.86875 0.3078125 0.0484375 0.009375
10 0.953125 0.309375 0.03359375 0.01328125
31 0.65390625 0.31015625 0.01875 0.0125
20 0.596875 0.3125 0.0171875 0.0171875
28 0.5328125 0.3078125 0.059375 0.0109375
20 0.4421875 0.39765625 0.01640625 0.01484375
28 0.35234375 0.44765625 0.009375 0.0328125
20 0.4078125 0.50625 0.01640625 0.0171875
10 0.3046875 0.50234375 0.03125 0.01328125
30 0.3265625 0.46875 0.028125 0.021875
14 0.1671875 0.45546875 0.1625 0.0671875
5 0.21328125 0.34921875 0.01640625 0.01484375
2 0.64609375 0.84140625 0.01875 0.0421875
7 0.6453125 0.85625 0.0203125 0.028125
10 0.6421875 0.88125 0.01328125 0.0328125