22 0.171875 0.26796875 0.03671875 0.02421875
22 0.64296875 0.2671875 0.03359375 0.02890625
22 0.37421875 0.46640625 0.03125 0.02421875
22 0.20546875 0.7734375 0.0328125 0.02578125
22 0.66328125 0.753125 0.0328125 0.02578125
21 0.8140625 0.471875 0.02421875 0.02890625
21 0.696875 0.4734375 0.02734375 0.02890625
21 0.75625 0.5609375 0.02578125 0.02734375
21 0.0234375 0.46875 0.02421875 0.0296875
21 0.13203125 0.46875 0.02734375 0.0296875
21 0.1328125 0.565625 0.02578125 0.02890625
21 0.02265625 0.565625 0.02578125 0.02890625
10 0.87578125 0.66953125 0.01484375 0.02890625
10 0.87578125 0.84140625 0.01484375 0.02890625
28 0.671875 0.89453125 0.1046875 0.009375
20 0.5578125 0.61796875 0.01796875 0.01640625
2 0.42265625 0.75234375 0.01875 0.03125
10 0.4265625 0.78046875 0.01328125 0.02890625
10 0.45 0.7484375 0.01328125 0.02734375
28 0.18828125 0.89609375 0.09140625 0.009375
20 0.1984375 0.51640625 0.01875 0.01640625
20 0.1984375 0.6328125 0.01875 0.01328125
31 0.19453125 0.55 0.01328125 0.01328125
30 0.01328125 0.43984375 0.021875 0.0296875
5 0.05390625 0.534375 0.0203125 0.01484375
14 0.090625 0.6140625 0.18046875 0.0625
20 0.2015625 0.409375 0.0203125 0.01484375
28 0.378125 0.43203125 0.04765625 0.0109375
14 0.6265625 0.471875 0.10078125 0.09375
27 0.5578125 0.478125 0.0203125 0.01640625
20 0.4296875 0.434375 0.01796875 0.01484375
23 0.46328125 0.465625 0.0296875 0.0234375
23 0.52265625 0.25703125 0.02890625 0.021875
20 0.5609375 0.40859375 0.01640625 0.01328125
10 0.61953125 0.41171875 0.03828125 0.0109375
33 0.8453125 0.35546875 0.021875 0.01796875
37 0.84609375 0.3359375 0.021875 0.02578125
20 0.80546875 0.409375 0.01640625 0.01484375
37 0.8453125 0.1640625 0.02421875 0.02890625
28 0.65859375 0.1234375 0.1171875 0.0078125
10 0.4125 0.18515625 0.01484375 0.02890625
10 0.43828125 0.17734375 0.01484375 0.02890625
2 0.43984375 0.14765625 0.01875 0.02890625
7 0.43984375 0.15859375 0.01875 0.0234375
28 0.20234375 0.121875 0.0953125 0.009375
10 0.01015625 0.14296875 0.01484375 0.02890625
10 0.01015625 0.31640625 0.01484375 0.0296875
30 0.84609375 0.43984375 0.02421875 0.0328125
5 0.796875 0.54609375 0.01796875 0.01328125