22 0.7671875 0.2796875 0.03671875 0.02421875
22 0.29765625 0.27890625 0.03359375 0.028125
22 0.565625 0.47734375 0.03125 0.02421875
22 0.73359375 0.7828125 0.0328125 0.02578125
22 0.278125 0.7625 0.0328125 0.02578125
21 0.128125 0.4828125 0.02421875 0.028125
21 0.24453125 0.484375 0.02734375 0.028125
21 0.1859375 0.571875 0.02578125 0.02734375
21 0.91484375 0.4796875 0.02421875 0.0296875
21 0.80703125 0.4796875 0.02734375 0.0296875
21 0.80625 0.5765625 0.02578125 0.028125
21 0.915625 0.5765625 0.02578125 0.028125
10 0.0671875 0.67890625 0.01484375 0.028125
10 0.0671875 0.85078125 0.01484375 0.028125
28 0.26953125 0.903125 0.10390625 0.009375
20 0.3828125 0.628125 0.0171875 0.01640625
2 0.5171875 0.76171875 0.01875 0.03125
10 0.51328125 0.78984375 0.01328125 0.028125
10 0.490625 0.7578125 0.01328125 0.02734375
28 0.75078125 0.9046875 0.090625 0.009375
10 0.953125 0.87265625 0.01484375 0.028125
10 0.953125 0.6984375 0.01484375 0.02734375
20 0.740625 0.52734375 0.01875 0.01640625
20 0.740625 0.64296875 0.01875 0.01328125
31 0.74453125 0.5609375 0.01328125 0.01328125
30 0.92421875 0.4515625 0.021875 0.0296875
5 0.884375 0.5453125 0.0203125 0.01484375
14 0.86015625 0.62421875 0.20390625 0.0625
20 0.7375 0.42109375 0.0203125 0.01484375
28 0.56171875 0.44296875 0.04765625 0.0109375
14 0.31484375 0.4828125 0.1 0.09296875
27 0.3828125 0.4890625 0.0203125 0.01640625
20 0.51015625 0.4453125 0.0171875 0.01484375
23 0.47734375 0.4765625 0.0296875 0.02265625
23 0.41796875 0.26875 0.028125 0.021875
20 0.3796875 0.4203125 0.01640625 0.01328125
10 0.321875 0.42265625 0.0375 0.0109375
33 0.09765625 0.3671875 0.021875 0.0171875
37 0.09609375 0.34765625 0.021875 0.02578125
20 0.13671875 0.42109375 0.01640625 0.01484375
37 0.09765625 0.1765625 0.02421875 0.028125
28 0.2828125 0.13671875 0.11640625 0.0078125
10 0.52734375 0.19765625 0.01484375 0.028125
10 0.50234375 0.18984375 0.01484375 0.028125
2 0.5 0.16015625 0.01875 0.028125
7 0.5 0.17109375 0.01875 0.02265625
28 0.73671875 0.134375 0.09453125 0.009375
10 0.92734375 0.15625 0.01484375 0.028125
10 0.92734375 0.328125 0.01484375 0.0296875
30 0.09609375 0.4515625 0.02421875 0.0328125
5 0.1453125 0.55703125 0.0171875 0.01328125