22 0.4625 0.82421875 0.0265625 0.028125
22 0.75859375 0.8078125 0.0265625 0.028125
22 0.6078125 0.6671875 0.0265625 0.0265625
22 0.5796875 0.4890625 0.0265625 0.0265625
22 0.37734375 0.2515625 0.0265625 0.02578125
22 0.66875 0.19140625 0.0265625 0.0265625
21 0.4359375 0.61796875 0.02890625 0.02421875
21 0.340625 0.56484375 0.028125 0.02265625
21 0.4140625 0.48671875 0.02890625 0.021875
20 0.4703125 0.5296875 0.01640625 0.01171875
20 0.44296875 0.4296875 0.0125 0.01640625
10 0.2796875 0.39375 0.0125 0.0265625
30 0.303125 0.48671875 0.02578125 0.03671875
10 0.38984375 0.67265625 0.0265625 0.0140625
2 0.42265625 0.67265625 0.03828125 0.0203125
20 0.56328125 0.63828125 0.01796875 0.0140625
20 0.55703125 0.74140625 0.01796875 0.0140625
20 0.6765625 0.70625 0.01796875 0.0125
10 0.69765625 0.67578125 0.0265625 0.015625
10 0.86875 0.64765625 0.02578125 0.0125
28 0.92265625 0.76171875 0.02265625 0.0828125
10 0.9265625 0.9125 0.02578125 0.015625
10 0.9375 0.98828125 0.028125 0.0125
10 0.59609375 0.85703125 0.0140625 0.0265625
10 0.5734375 0.9703125 0.02578125 0.0140625
10 0.4015625 0.99453125 0.0265625 0.01015625
28 0.34765625 0.81796875 0.01875 0.06328125
27 0.53828125 0.43828125 0.01796875 0.01875
20 0.71171875 0.3515625 0.01640625 0.0140625
37 0.52421875 0.29453125 0.0203125 0.0265625
10 0.49375 0.22265625 0.015625 0.02578125
10 0.43359375 0.0515625 0.0265625 0.01640625
33 0.49453125 0.096875 0.0203125 0.0203125
37 0.496875 0.121875 0.021875 0.028125
10 0.2609375 0.07890625 0.02578125 0.015625
28 0.25703125 0.2515625 0.02265625 0.0828125
5 0.34375 0.49609375 0.015625 0.015625
14 0.3921875 0.6296875 0.16640625 0.08671875
20 0.63203125 0.39921875 0.0125 0.01796875
28 0.646875 0.4921875 0.01640625 0.04609375
21 0.7140625 0.47421875 0.02890625 0.02265625
21 0.83125 0.50078125 0.02890625 0.021875
21 0.81875 0.42265625 0.02890625 0.0203125
30 0.8734375 0.51171875 0.02890625 0.03828125
10 0.89140625 0.29296875 0.0265625 0.015625
14 0.71640625 0.52421875 0.1171875 0.07890625
2 0.759375 0.01015625 0.03828125 0.0203125
7 0.77265625 0.00625 0.0265625 0.0125
28 0.90546875 0.15234375 0.02265625 0.08125
28 0.990625 0.13984375 0.01875 0.0796875
5 0.7921875 0.4671875 0.0140625 0.0140625