22 0.50234375 0.86171875 0.02890625 0.03046875
22 0.18046875 0.84375 0.02890625 0.03046875
22 0.34453125 0.69140625 0.02890625 0.02890625
22 0.375 0.49765625 0.02890625 0.02890625
22 0.59453125 0.240625 0.02890625 0.02734375
22 0.278125 0.175 0.02890625 0.02890625
21 0.53125 0.6375 0.03203125 0.0265625
21 0.63359375 0.58046875 0.03046875 0.025
21 0.5546875 0.4953125 0.03203125 0.0234375
20 0.49375 0.5421875 0.01796875 0.0125
20 0.5234375 0.4328125 0.0140625 0.01796875
10 0.7 0.39453125 0.0140625 0.02890625
30 0.67578125 0.4953125 0.02734375 0.03984375
10 0.58046875 0.696875 0.02890625 0.01484375
2 0.5453125 0.69765625 0.04140625 0.021875
20 0.3921875 0.659375 0.01953125 0.01484375
20 0.39921875 0.77109375 0.01953125 0.01484375
20 0.26953125 0.73359375 0.01953125 0.0140625
10 0.246875 0.7 0.02890625 0.01640625
10 0.0609375 0.66953125 0.02734375 0.0140625
28 0.0078125 0.79375 0.01484375 0.08984375
10 0.00625 0.95703125 0.0125 0.01640625
10 0.35703125 0.896875 0.01484375 0.02890625
28 0.6265625 0.8546875 0.02109375 0.06875
27 0.41953125 0.44296875 0.01953125 0.02109375
20 0.23125 0.3484375 0.01796875 0.01484375
37 0.43515625 0.28671875 0.021875 0.02890625
10 0.46796875 0.20859375 0.01640625 0.02734375
10 0.53359375 0.02265625 0.02890625 0.01796875
33 0.4671875 0.071875 0.021875 0.021875
37 0.46484375 0.09921875 0.0234375 0.03046875
10 0.72109375 0.05234375 0.02734375 0.01640625
28 0.725 0.23984375 0.025 0.08984375
5 0.63125 0.50546875 0.01640625 0.01640625
14 0.578125 0.65078125 0.18125 0.09375
20 0.31796875 0.40078125 0.0140625 0.01953125
28 0.3015625 0.5015625 0.01796875 0.05
21 0.22890625 0.48203125 0.03203125 0.025
21 0.1015625 0.51015625 0.03203125 0.0234375
21 0.115625 0.42578125 0.03203125 0.021875
30 0.05625 0.521875 0.03203125 0.04140625
10 0.03671875 0.284375 0.02890625 0.01640625
14 0.2265625 0.5359375 0.12734375 0.0859375
28 0.02109375 0.1328125 0.025 0.08828125
5 0.14453125 0.47421875 0.01484375 0.01484375