22 0.4265625 0.80703125 0.02890625 0.0296875
22 0.7453125 0.78984375 0.02890625 0.0296875
22 0.5828125 0.63828125 0.02890625 0.02890625
22 0.55234375 0.44765625 0.02890625 0.02890625
22 0.33515625 0.19296875 0.02890625 0.02734375
22 0.6484375 0.12734375 0.02890625 0.02890625
21 0.3984375 0.58515625 0.03125 0.02578125
21 0.29609375 0.52890625 0.0296875 0.02421875
21 0.375 0.44453125 0.03125 0.0234375
20 0.43515625 0.49140625 0.01796875 0.0125
20 0.40546875 0.3828125 0.01328125 0.01796875
10 0.23125 0.3453125 0.01328125 0.02890625
30 0.25546875 0.44453125 0.02734375 0.03984375
10 0.34921875 0.64375 0.02890625 0.01484375
2 0.38359375 0.64453125 0.040625 0.021875
20 0.53515625 0.60703125 0.01875 0.01484375
20 0.52890625 0.71796875 0.01875 0.01484375
20 0.65703125 0.68046875 0.01875 0.01328125
10 0.6796875 0.64765625 0.02890625 0.01640625
10 0.86328125 0.6171875 0.02734375 0.01328125
28 0.92109375 0.73984375 0.02421875 0.0890625
10 0.925 0.9015625 0.02734375 0.01640625
10 0.9375 0.98359375 0.0296875 0.01328125
10 0.5703125 0.8421875 0.01484375 0.02890625
10 0.54609375 0.9640625 0.02734375 0.01484375
10 0.36171875 0.9921875 0.02890625 0.01484375
28 0.30390625 0.80078125 0.0203125 0.06796875
27 0.5078125 0.39296875 0.01875 0.0203125
20 0.69453125 0.3 0.01796875 0.01484375
37 0.49296875 0.23828125 0.021875 0.02890625
10 0.46015625 0.1609375 0.01640625 0.02734375
33 0.46171875 0.02578125 0.021875 0.021875
37 0.4640625 0.053125 0.0234375 0.0296875
10 0.21015625 0.0078125 0.02734375 0.01484375
28 0.20625 0.1921875 0.02421875 0.0890625
5 0.29921875 0.4546875 0.01640625 0.01640625
14 0.3515625 0.5984375 0.17890625 0.09296875
20 0.609375 0.35078125 0.01328125 0.01875
28 0.625 0.45078125 0.01796875 0.04921875
21 0.69765625 0.43203125 0.03125 0.02421875
21 0.8234375 0.459375 0.03125 0.0234375
21 0.809375 0.37578125 0.03125 0.021875
30 0.86796875 0.47109375 0.03125 0.040625
10 0.8875 0.23671875 0.02890625 0.01640625
14 0.69921875 0.48515625 0.12578125 0.084375
28 0.903125 0.0859375 0.02421875 0.0875
28 0.9921875 0.071875 0.01484375 0.0859375
5 0.78046875 0.42421875 0.01484375 0.01484375