22 0.221875 0.47421875 0.02734375 0.0265625
22 0.50703125 0.73828125 0.02890625 0.02734375
22 0.22265625 0.8 0.0265625 0.025
22 0.79921875 0.73828125 0.0265625 0.02734375
37 0.38125 0.35 0.01796875 0.025
10 0.3578125 0.28125 0.025 0.01171875
13 0.39375 0.27109375 0.01640625 0.03046875
25 0.43203125 0.27421875 0.025 0.02421875
20 0.5765625 0.3203125 0.01796875 0.01640625
21 0.5015625 0.35703125 0.0203125 0.0265625
10 0.40390625 0.39765625 0.00859375 0.0265625
28 0.38515625 0.453125 0.0078125 0.06171875
21 0.5015625 0.4421875 0.01796875 0.02734375
28 0.46796875 0.49375 0.034375 0.01015625
21 0.4765625 0.5375 0.01875 0.02734375
5 0.4375 0.540625 0.0140625 0.01484375
20 0.41015625 0.60078125 0.01640625 0.01484375
31 0.434375 0.62578125 0.01015625 0.0125
27 0.4375 0.640625 0.01640625 0.01640625
20 0.55546875 0.60078125 0.01484375 0.01484375
20 0.65703125 0.5765625 0.0140625 0.0140625
6 0.56015625 0.39453125 0.0203125 0.02265625
27 0.61015625 0.29140625 0.01640625 0.01640625
20 0.6109375 0.2671875 0.01484375 0.01484375
10 0.72890625 0.30703125 0.025 0.0125
21 0.65 0.35859375 0.0203125 0.02734375
21 0.7671875 0.35859375 0.0203125 0.02734375
21 0.8828125 0.35859375 0.0203125 0.02734375
17 0.9375 0.35 0.01875 0.0328125
37 0.93984375 0.3296875 0.01796875 0.025
39 0.81171875 0.3328125 0.01171875 0.01171875
35 0.765625 0.26640625 0.1234375 0.046875
2 0.61171875 0.05703125 0.01640625 0.03671875
7 0.61171875 0.06796875 0.01640625 0.02265625
10 0.60859375 0.0875 0.01015625 0.0265625
24 0.9 0.00625 0.01875 0.0125
10 0.90078125 0.04453125 0.0265625 0.01171875
21 0.65 0.50390625 0.0203125 0.02734375
21 0.76640625 0.50390625 0.02109375 0.02734375
21 0.88359375 0.50390625 0.01875 0.02734375
37 0.85859375 0.57578125 0.025 0.01484375
18 0.88203125 0.575 0.02109375 0.01640625
26 0.7453125 0.57421875 0.02109375 0.01796875
37 0.7640625 0.575 0.02421875 0.01640625
28 0.8140625 0.596875 0.06171875 0.01015625
10 0.94140625 0.63125 0.01171875 0.0265625
20 0.6890625 0.68984375 0.01484375 0.01484375
33 0.6640625 0.7359375 0.01796875 0.01875
10 0.6671875 0.7125 0.01171875 0.0265625
2 0.66328125 0.74453125 0.01640625 0.03515625
10 0.68671875 0.8453125 0.01015625 0.02734375
38 0.66953125 0.78125 0.00625 0.0390625
10 0.9125 0.878125 0.02421875 0.01171875
20 0.55234375 0.8765625 0.0140625 0.01484375
20 0.565625 0.8765625 0.01484375 0.01484375
0 0.5390625 0.878125 0.01484375 0.0125
28 0.43359375 0.84609375 0.00859375 0.053125
8 0.43359375 0.84609375 0.0078125 0.034375
10 0.37734375 0.87890625 0.0265625 0.01015625
13 0.41640625 0.9265625 0.01640625 0.03125
12 0.38515625 0.95 0.0078125 0.040625
28 0.22265625 0.9578125 0.1296875 0.00859375
16 0.0203125 0.8546875 0.0078125 0.0390625
10 0.05546875 0.85859375 0.01015625 0.025
10 0.05546875 0.7203125 0.0125 0.025
7 0.05859375 0.3609375 0.01640625 0.0265625
2 0.05859375 0.3390625 0.01640625 0.03671875
10 0.05546875 0.38125 0.01015625 0.0265625