22 0.296875 0.7546875 0.025 0.02890625
22 0.58203125 0.75546875 0.025 0.028125
22 0.8578125 0.82265625 0.0234375 0.02890625
22 0.85703125 0.465625 0.025 0.02890625
21 0.58671875 0.33671875 0.01796875 0.03203125
21 0.5875 0.42890625 0.01953125 0.03046875
21 0.4421875 0.3390625 0.01796875 0.03046875
21 0.32890625 0.33828125 0.01953125 0.02890625
21 0.21640625 0.33828125 0.01953125 0.02890625
10 0.36484375 0.2828125 0.0265625 0.0125
27 0.48046875 0.2640625 0.01640625 0.01953125
20 0.4796875 0.23671875 0.015625 0.015625
17 0.16328125 0.3296875 0.01796875 0.034375
37 0.16171875 0.30703125 0.015625 0.028125
35 0.32890625 0.23828125 0.11953125 0.0515625
2 0.47890625 0.01328125 0.01640625 0.0265625
7 0.4796875 0.0203125 0.01796875 0.0265625
10 0.4828125 0.04140625 0.009375 0.028125
6 0.52890625 0.37734375 0.01953125 0.0234375
21 0.44296875 0.496875 0.01953125 0.03046875
21 0.32890625 0.496875 0.01953125 0.03046875
21 0.215625 0.49765625 0.01796875 0.02890625
20 0.4359375 0.5765625 0.0140625 0.01640625
26 0.35 0.575 0.021875 0.01953125
37 0.33125 0.5765625 0.0234375 0.01953125
37 0.23984375 0.5765625 0.0234375 0.01640625
18 0.21640625 0.5765625 0.021875 0.01953125
28 0.2828125 0.60078125 0.059375 0.009375
10 0.159375 0.63828125 0.009375 0.02890625
16 0.12578125 0.67421875 0.00703125 0.04296875
29 0.2828125 0.565625 0.01796875 0.0234375
33 0.42890625 0.75234375 0.01640625 0.02109375
10 0.42734375 0.7265625 0.0125 0.028125
2 0.43046875 0.7625 0.01953125 0.0390625
38 0.425 0.803125 0.00859375 0.04140625
10 0.4078125 0.871875 0.009375 0.03046875
10 0.18671875 0.909375 0.0265625 0.0125
0 0.56015625 0.909375 0.0125 0.0125
24 0.5421875 0.9078125 0.0234375 0.015625
20 0.53671875 0.90703125 0.015625 0.01640625
20 0.5234375 0.9078125 0.0140625 0.015625
10 0.70625 0.909375 0.0265625 0.0125
28 0.65234375 0.8734375 0.009375 0.05859375
8 0.65234375 0.87421875 0.00703125 0.0375
13 0.66953125 0.9609375 0.01640625 0.03359375
12 0.69921875 0.9828125 0.00703125 0.034375
20 0.4046875 0.70234375 0.015625 0.015625
20 0.53515625 0.60390625 0.015625 0.01640625
28 0.61953125 0.48515625 0.03359375 0.009375
21 0.6109375 0.53515625 0.01640625 0.03203125
20 0.675 0.6046875 0.0140625 0.01796875
31 0.65234375 0.63125 0.009375 0.015625
27 0.6484375 0.64765625 0.01640625 0.01796875
5 0.6484375 0.53828125 0.0140625 0.015625
28 0.7 0.44140625 0.00859375 0.06640625
37 0.703125 0.3296875 0.01796875 0.02890625
10 0.68125 0.38125 0.009375 0.02890625
25 0.653125 0.24453125 0.0234375 0.028125
13 0.6921875 0.24140625 0.015625 0.03359375
10 0.72734375 0.253125 0.0265625 0.0125
20 0.51328125 0.29609375 0.01796875 0.01640625
28 0.85859375 0.9953125 0.1265625 0.009375