22 0.77109375 0.21484375 0.02421875 0.028125
22 0.49609375 0.21484375 0.02421875 0.0265625
22 0.2296875 0.14921875 0.02265625 0.028125
22 0.23046875 0.49375 0.02421875 0.028125
21 0.49140625 0.61875 0.0171875 0.03046875
21 0.490625 0.5296875 0.01875 0.0296875
21 0.63046875 0.61640625 0.0171875 0.0296875
21 0.73984375 0.6171875 0.01875 0.028125
21 0.8484375 0.6171875 0.01875 0.028125
10 0.70546875 0.67109375 0.02578125 0.01171875
27 0.59375 0.6890625 0.01640625 0.01875
20 0.59453125 0.71484375 0.01484375 0.01484375
17 0.9 0.625 0.0171875 0.03359375
37 0.9015625 0.64765625 0.01484375 0.0265625
35 0.73984375 0.7140625 0.115625 0.04921875
2 0.5953125 0.93671875 0.01640625 0.0375
7 0.59453125 0.92421875 0.0171875 0.02578125
10 0.5921875 0.903125 0.009375 0.0265625
24 0.86484375 0.990625 0.01640625 0.01328125
10 0.86640625 0.95 0.02578125 0.01171875
6 0.546875 0.5796875 0.01875 0.02265625
21 0.6296875 0.4640625 0.01875 0.0296875
21 0.73984375 0.4640625 0.01875 0.0296875
21 0.84921875 0.46328125 0.0171875 0.028125
20 0.63671875 0.3875 0.01328125 0.01640625
26 0.71953125 0.3890625 0.02109375 0.01875
37 0.73828125 0.3875 0.02265625 0.01875
37 0.8265625 0.3875 0.02265625 0.01640625
18 0.8484375 0.3875 0.02109375 0.01875
28 0.78515625 0.3640625 0.0578125 0.009375
10 0.90390625 0.328125 0.009375 0.028125
16 0.9359375 0.29296875 0.00703125 0.04140625
29 0.78515625 0.39765625 0.0171875 0.02265625
33 0.64375 0.21796875 0.01640625 0.0203125
10 0.6453125 0.24296875 0.01171875 0.0265625
2 0.6421875 0.2078125 0.01875 0.0375
38 0.64765625 0.16875 0.0078125 0.03984375
10 0.6640625 0.1015625 0.009375 0.0296875
10 0.87734375 0.06640625 0.02578125 0.01171875
0 0.51640625 0.06640625 0.01171875 0.01171875
24 0.534375 0.06796875 0.02265625 0.01484375
20 0.53984375 0.06875 0.01484375 0.01640625
20 0.55234375 0.06796875 0.01328125 0.01484375
10 0.37578125 0.06640625 0.02578125 0.01171875
28 0.428125 0.10078125 0.009375 0.05625
8 0.428125 0.1 0.00703125 0.0359375
13 0.41171875 0.01640625 0.01640625 0.03203125
12 0.3828125 0.00625 0.00703125 0.01171875
20 0.6671875 0.26640625 0.01484375 0.01484375
20 0.540625 0.3609375 0.01484375 0.01640625
28 0.46015625 0.475 0.03203125 0.009375
21 0.46796875 0.4265625 0.01640625 0.03046875
20 0.40625 0.36015625 0.01328125 0.0171875
31 0.428125 0.334375 0.009375 0.01484375
27 0.43125 0.31875 0.01640625 0.0171875
5 0.43125 0.42421875 0.01328125 0.01484375
28 0.38203125 0.5171875 0.0078125 0.0640625
37 0.37890625 0.625 0.0171875 0.028125
10 0.4 0.57578125 0.009375 0.028125
25 0.4265625 0.7078125 0.02265625 0.0265625
13 0.3890625 0.71015625 0.01484375 0.03203125
10 0.35625 0.69921875 0.02578125 0.01171875
20 0.5625 0.6578125 0.0171875 0.01640625
10 0.0734375 0.08671875 0.009375 0.02578125
16 0.040625 0.2359375 0.00703125 0.03984375
7 0.0765625 0.61171875 0.01640625 0.02578125
10 0.0734375 0.59140625 0.0109375 0.0265625
2 0.07734375 0.634375 0.0171875 0.0390625
24 0.08671875 0.70078125 0.0171875 0.01484375