22 0.70078125 0.7578125 0.02421875 0.02890625
22 0.42109375 0.7578125 0.02421875 0.02734375
22 0.14921875 0.82421875 0.0234375 0.02890625
22 0.15 0.4734375 0.02421875 0.02890625
21 0.415625 0.34609375 0.01796875 0.03125
21 0.415625 0.4375 0.01875 0.0296875
21 0.5578125 0.3484375 0.01796875 0.0296875
21 0.66953125 0.34765625 0.01875 0.02890625
21 0.7796875 0.34765625 0.01875 0.02890625
10 0.634375 0.29296875 0.02578125 0.0125
27 0.5203125 0.27421875 0.01640625 0.01875
20 0.52109375 0.24765625 0.01484375 0.01484375
17 0.8328125 0.33984375 0.01796875 0.034375
37 0.834375 0.3171875 0.01484375 0.02734375
35 0.66953125 0.24921875 0.1171875 0.05078125
2 0.521875 0.021875 0.01640625 0.03828125
7 0.52109375 0.03515625 0.01796875 0.02578125
10 0.51875 0.05625 0.009375 0.02734375
10 0.7984375 0.00859375 0.02578125 0.0125
6 0.47265625 0.3859375 0.01875 0.0234375
21 0.55703125 0.50390625 0.01875 0.0296875
21 0.66953125 0.50390625 0.01875 0.0296875
21 0.78046875 0.5046875 0.01796875 0.02890625
20 0.5640625 0.58203125 0.01328125 0.01640625
26 0.64921875 0.58046875 0.021875 0.01875
37 0.6671875 0.58203125 0.0234375 0.01875
37 0.7578125 0.58203125 0.0234375 0.01640625
18 0.7796875 0.58203125 0.021875 0.01875
28 0.71484375 0.60625 0.05859375 0.009375
10 0.83671875 0.64296875 0.009375 0.02890625
16 0.86953125 0.678125 0.00703125 0.0421875
29 0.71484375 0.571875 0.01796875 0.0234375
33 0.57109375 0.7546875 0.01640625 0.0203125
10 0.5734375 0.7296875 0.0125 0.02734375
2 0.56953125 0.76484375 0.01875 0.03828125
38 0.575 0.8046875 0.0078125 0.040625
10 0.5921875 0.87265625 0.009375 0.0296875
10 0.809375 0.909375 0.02578125 0.0125
0 0.4421875 0.909375 0.0125 0.0125
24 0.459375 0.9078125 0.0234375 0.01484375
20 0.46484375 0.90703125 0.01484375 0.01640625
20 0.478125 0.9078125 0.01328125 0.01484375
10 0.2984375 0.909375 0.02578125 0.0125
28 0.3515625 0.87421875 0.009375 0.05703125
8 0.3515625 0.875 0.00703125 0.03671875
13 0.334375 0.96015625 0.01640625 0.0328125
12 0.30546875 0.98203125 0.00703125 0.03515625
20 0.5953125 0.70546875 0.01484375 0.01484375
20 0.46640625 0.609375 0.01484375 0.01640625
28 0.38359375 0.4921875 0.0328125 0.009375
21 0.3921875 0.54140625 0.01640625 0.03125
20 0.32890625 0.61015625 0.01328125 0.01796875
31 0.3515625 0.6359375 0.009375 0.01484375
27 0.35546875 0.65234375 0.01640625 0.01796875
5 0.35546875 0.54453125 0.01328125 0.01484375
28 0.3046875 0.44921875 0.0078125 0.065625
37 0.3015625 0.33984375 0.01796875 0.02890625
10 0.3234375 0.38984375 0.009375 0.02890625
25 0.35078125 0.25546875 0.0234375 0.02734375
13 0.3125 0.25234375 0.01484375 0.0328125
10 0.278125 0.2640625 0.02578125 0.0125
20 0.48828125 0.30625 0.01796875 0.01640625
28 0.14921875 0.9953125 0.12421875 0.009375
24 0.00625 0.26328125 0.0125 0.01484375