22 0.534375 0.7546875 0.03203125 0.034375
22 0.67421875 0.24453125 0.03203125 0.0359375
22 0.3875 0.3875 0.03203125 0.0359375
21 0.09140625 0.53515625 0.034375 0.0328125
21 0.203125 0.48125 0.034375 0.03046875
10 0.3578125 0.196875 0.03984375 0.03046875
10 0.5265625 0.11328125 0.03671875 0.02890625
28 0.8125 0.17578125 0.053125 0.09140625
28 0.98203125 0.0875 0.0359375 0.09140625
10 0.62109375 0.5484375 0.03984375 0.03046875
10 0.7609375 0.40625 0.03671875 0.03203125
7 0.73046875 0.415625 0.02265625 0.03203125
2 0.70703125 0.4265625 0.034375 0.03828125
20 0.2578125 0.46015625 0.01953125 0.015625
20 0.44453125 0.63203125 0.015625 0.0234375
20 0.35546875 0.7140625 0.01171875 0.025
31 0.35078125 0.71328125 0.02109375 0.02265625
10 0.31171875 0.578125 0.03046875 0.04765625
30 0.01171875 0.4453125 0.0234375 0.025
28 0.21328125 0.378125 0.04609375 0.08046875
14 0.16796875 0.4046875 0.13828125 0.10390625
5 0.1375 0.5953125 0.0171875 0.01953125
28 0.503125 0.9046875 0.0671875 0.03984375
23 0.49765625 0.83515625 0.02734375 0.03203125
23 0.46171875 0.46171875 0.02890625 0.03203125