22 0.52421875 0.7625 0.03125 0.03359375
22 0.66171875 0.26328125 0.03125 0.03515625
22 0.38125 0.40234375 0.03125 0.03515625
21 0.090625 0.546875 0.03359375 0.03203125
21 0.2 0.49453125 0.03359375 0.0296875
10 0.3515625 0.21640625 0.0390625 0.0296875
10 0.51640625 0.134375 0.0359375 0.028125
28 0.796875 0.19609375 0.0515625 0.0890625
28 0.971875 0.109375 0.0515625 0.0890625
10 0.61015625 0.56015625 0.0390625 0.0296875
10 0.746875 0.42109375 0.0359375 0.03125
7 0.71640625 0.43046875 0.021875 0.03125
2 0.69375 0.44140625 0.03359375 0.0375
20 0.25390625 0.47421875 0.01953125 0.015625
20 0.43671875 0.6421875 0.015625 0.0234375
20 0.34921875 0.72265625 0.01171875 0.02421875
31 0.3453125 0.721875 0.0203125 0.021875
10 0.30703125 0.5890625 0.0296875 0.046875
30 0.01171875 0.459375 0.0234375 0.02421875
28 0.21015625 0.39375 0.0453125 0.07890625
14 0.16640625 0.41953125 0.1359375 0.10234375
5 0.1359375 0.60625 0.01640625 0.01953125
28 0.49453125 0.909375 0.065625 0.0390625
23 0.4890625 0.84140625 0.02734375 0.03125
23 0.453125 0.47578125 0.028125 0.03125