22 0.54296875 0.74296875 0.03046875 0.0328125
22 0.67734375 0.25390625 0.03046875 0.034375
22 0.40234375 0.390625 0.03046875 0.034375
21 0.11796875 0.53203125 0.0328125 0.03203125
21 0.225 0.48046875 0.0328125 0.02890625
10 0.3734375 0.20859375 0.03828125 0.02890625
10 0.53515625 0.128125 0.03515625 0.028125
28 0.81015625 0.18828125 0.05078125 0.0875
28 0.978125 0.103125 0.04375 0.0875
10 0.6265625 0.5453125 0.03828125 0.02890625
10 0.7609375 0.40859375 0.03515625 0.03046875
7 0.73125 0.41796875 0.021875 0.03046875
2 0.70859375 0.428125 0.0328125 0.03671875
20 0.278125 0.4609375 0.01875 0.01484375
20 0.45703125 0.625 0.01484375 0.02265625
20 0.371875 0.7046875 0.01171875 0.02421875
31 0.3671875 0.703125 0.0203125 0.021875
10 0.3296875 0.5734375 0.02890625 0.0453125
30 0.03671875 0.44609375 0.03046875 0.02421875
28 0.23515625 0.38203125 0.04453125 0.07734375
14 0.19140625 0.40703125 0.1328125 0.1
5 0.1625 0.590625 0.01640625 0.01875
28 0.51328125 0.8875 0.06484375 0.03828125
23 0.50859375 0.8203125 0.0265625 0.03046875
23 0.4734375 0.46171875 0.028125 0.03046875