22 0.321875 0.30859375 0.03515625 0.02578125
22 0.58984375 0.51015625 0.03359375 0.02578125
22 0.79296875 0.30859375 0.03515625 0.02578125
22 0.30234375 0.79765625 0.03359375 0.02578125
22 0.76015625 0.81796875 0.03359375 0.02578125
21 0.94296875 0.5109375 0.02421875 0.02734375
30 0.95078125 0.4828125 0.02578125 0.028125
21 0.8328125 0.51015625 0.02578125 0.028125
21 0.83359375 0.6078125 0.02734375 0.02734375
21 0.94296875 0.60859375 0.02734375 0.02578125
21 0.26640625 0.515625 0.02421875 0.028125
21 0.15 0.515625 0.02421875 0.028125
21 0.2078125 0.603125 0.02578125 0.028125
30 0.1171875 0.4828125 0.02421875 0.028125
10 0.51484375 0.79296875 0.01328125 0.0296875
10 0.53828125 0.825 0.01484375 0.02578125
10 0.9828125 0.7328125 0.01328125 0.028125
10 0.95625 0.184375 0.01484375 0.03125
10 0.95625 0.3578125 0.01484375 0.0328125
10 0.55234375 0.22734375 0.01328125 0.0296875
10 0.528125 0.21875 0.01640625 0.0296875
10 0.34453125 0.45390625 0.0375 0.01328125
10 0.98203125 0.90625 0.01484375 0.03125
10 0.0875 0.71328125 0.01328125 0.0296875
10 0.0875 0.8875 0.0125 0.028125
31 0.7703125 0.59375 0.01328125 0.01484375
37 0.1171875 0.37734375 0.021875 0.02578125
37 0.11796875 0.20390625 0.02265625 0.02734375
28 0.29140625 0.93984375 0.10703125 0.0125
2 0.5421875 0.79375 0.02265625 0.03359375
20 0.4078125 0.6609375 0.0171875 0.01640625
5 0.1671875 0.5890625 0.0171875 0.01328125
27 0.4078125 0.52109375 0.0203125 0.0171875
14 0.33671875 0.51484375 0.10546875 0.09453125
23 0.5015625 0.5078125 0.0296875 0.02265625
20 0.40390625 0.45234375 0.01640625 0.01484375
20 0.15859375 0.45234375 0.0203125 0.01484375
23 0.4421875 0.29921875 0.03125 0.02265625
7 0.525 0.19921875 0.0203125 0.02265625
2 0.525 0.1875 0.0203125 0.0296875
28 0.30625 0.1640625 0.1171875 0.009375
28 0.5859375 0.47265625 0.04765625 0.0078125
20 0.53515625 0.4765625 0.01875 0.01484375
20 0.7625 0.45234375 0.01875 0.01484375
20 0.7671875 0.559375 0.0203125 0.01640625
20 0.7671875 0.678125 0.0203125 0.01640625
28 0.77734375 0.93984375 0.09453125 0.009375
14 0.8875 0.65625 0.2078125 0.0609375
28 0.7609375 0.1640625 0.09453125 0.009375
5 0.915625 0.578125 0.0171875 0.01328125