22 0.290625 0.70234375 0.034375 0.025
22 0.55390625 0.5046875 0.0328125 0.025
22 0.753125 0.70234375 0.034375 0.025
22 0.27109375 0.221875 0.0328125 0.025
22 0.72109375 0.20234375 0.0328125 0.025
21 0.90078125 0.50390625 0.02421875 0.0265625
30 0.9078125 0.53125 0.025 0.028125
21 0.7921875 0.5046875 0.025 0.028125
21 0.79296875 0.40859375 0.0265625 0.0265625
21 0.90078125 0.4078125 0.0265625 0.025
21 0.2359375 0.49921875 0.02421875 0.028125
21 0.121875 0.49921875 0.02421875 0.028125
21 0.178125 0.41328125 0.025 0.028125
30 0.08984375 0.53125 0.02421875 0.028125
10 0.48046875 0.2265625 0.01328125 0.02890625
10 0.503125 0.1953125 0.01484375 0.025
10 0.9390625 0.2859375 0.01328125 0.028125
10 0.91328125 0.82421875 0.01484375 0.03046875
10 0.91328125 0.65390625 0.01484375 0.03203125
10 0.5171875 0.7828125 0.01328125 0.02890625
10 0.49375 0.790625 0.015625 0.02890625
10 0.31328125 0.559375 0.0375 0.01328125
10 0.93828125 0.11640625 0.01484375 0.03046875
10 0.0609375 0.3046875 0.01328125 0.02890625
10 0.06015625 0.134375 0.01171875 0.028125
31 0.73046875 0.42265625 0.01328125 0.01484375
37 0.08984375 0.634375 0.02109375 0.025
37 0.090625 0.8046875 0.02265625 0.0265625
28 0.2609375 0.0828125 0.1046875 0.01171875
2 0.50703125 0.22578125 0.02265625 0.0328125
20 0.375 0.35703125 0.0171875 0.015625
5 0.13828125 0.42734375 0.0171875 0.01328125
27 0.375 0.49375 0.01953125 0.0171875
14 0.3046875 0.5 0.103125 0.09296875
23 0.4671875 0.50703125 0.02890625 0.02265625
20 0.37109375 0.56171875 0.015625 0.01484375
20 0.13046875 0.56171875 0.01953125 0.01484375
23 0.409375 0.71171875 0.03046875 0.02265625
7 0.48984375 0.809375 0.01953125 0.02265625
2 0.48984375 0.82109375 0.01953125 0.02890625
28 0.275 0.84453125 0.115625 0.009375
28 0.55 0.54140625 0.04609375 0.0078125
20 0.5 0.5375 0.01875 0.01484375
20 0.72265625 0.56171875 0.01875 0.01484375
20 0.72734375 0.45625 0.01953125 0.015625
20 0.72734375 0.33984375 0.01953125 0.015625
28 0.7375 0.0828125 0.09296875 0.009375
14 0.84609375 0.36171875 0.20390625 0.059375
28 0.721875 0.84453125 0.09296875 0.009375
5 0.8734375 0.4375 0.0171875 0.01328125