22 0.2953125 0.284375 0.034375 0.025
22 0.55546875 0.4796875 0.0328125 0.025
22 0.753125 0.284375 0.034375 0.025
22 0.2765625 0.759375 0.0328125 0.025
22 0.72109375 0.77890625 0.0328125 0.025
21 0.89921875 0.48046875 0.0234375 0.0265625
30 0.90625 0.453125 0.025 0.02734375
21 0.7921875 0.4796875 0.025 0.02734375
21 0.79296875 0.575 0.0265625 0.0265625
21 0.89921875 0.57578125 0.0265625 0.025
21 0.24140625 0.48515625 0.0234375 0.02734375
21 0.12890625 0.48515625 0.0234375 0.02734375
21 0.184375 0.5703125 0.025 0.02734375
30 0.096875 0.453125 0.0234375 0.02734375
10 0.4828125 0.7546875 0.01328125 0.02890625
10 0.50625 0.78515625 0.0140625 0.025
10 0.93671875 0.69609375 0.01328125 0.02734375
10 0.91171875 0.16328125 0.0140625 0.03046875
10 0.91171875 0.33203125 0.0140625 0.03125
10 0.51953125 0.2046875 0.01328125 0.02890625
10 0.49609375 0.196875 0.015625 0.02890625
10 0.31796875 0.425 0.03671875 0.01328125
10 0.93671875 0.8640625 0.0140625 0.03046875
10 0.06796875 0.67734375 0.01328125 0.02890625
10 0.06796875 0.84609375 0.01171875 0.02734375
31 0.73125 0.5609375 0.01328125 0.0140625
37 0.096875 0.35078125 0.02109375 0.025
37 0.09765625 0.18203125 0.02265625 0.0265625
28 0.265625 0.896875 0.10390625 0.01171875
2 0.51015625 0.75546875 0.02265625 0.0328125
20 0.37890625 0.62578125 0.0171875 0.015625
5 0.1453125 0.55625 0.0171875 0.01328125
27 0.37890625 0.48984375 0.01953125 0.0171875
14 0.309375 0.484375 0.10234375 0.0921875
23 0.46953125 0.47734375 0.02890625 0.02265625
20 0.375 0.4234375 0.015625 0.0140625
20 0.1375 0.4234375 0.01953125 0.0140625
23 0.4125 0.275 0.03046875 0.02265625
7 0.49296875 0.178125 0.01953125 0.02265625
2 0.49296875 0.16640625 0.01953125 0.02890625
28 0.28046875 0.14375 0.1140625 0.009375
28 0.5515625 0.44375 0.04609375 0.0078125
20 0.50234375 0.446875 0.01875 0.0140625
20 0.7234375 0.4234375 0.01875 0.0140625
20 0.72734375 0.52734375 0.01953125 0.015625
20 0.72734375 0.64296875 0.01953125 0.015625
28 0.7375 0.896875 0.0921875 0.009375
14 0.8453125 0.62109375 0.20234375 0.059375
28 0.721875 0.14375 0.0921875 0.009375
5 0.871875 0.54609375 0.0171875 0.01328125