22 0.2421875 0.63046875 0.034375 0.02734375
22 0.66328125 0.43203125 0.03359375 0.02578125
22 0.29921875 0.2703125 0.03203125 0.02421875
22 0.59140625 0.175 0.03359375 0.02578125
22 0.84140625 0.21875 0.03203125 0.02578125
21 0.7484375 0.8234375 0.02734375 0.0296875
21 0.603125 0.79765625 0.02578125 0.02734375
21 0.46015625 0.7734375 0.02578125 0.028125
21 0.621875 0.69375 0.02578125 0.028125
21 0.76640625 0.71953125 0.02578125 0.0296875
21 0.47734375 0.66953125 0.02734375 0.028125
21 0.49609375 0.56484375 0.02578125 0.0296875
21 0.63984375 0.5890625 0.02578125 0.0296875
21 0.78359375 0.61484375 0.02421875 0.0296875
21 0.8859375 0.53359375 0.02421875 0.028125
21 0.775 0.5140625 0.02578125 0.028125
21 0.853125 0.38828125 0.02421875 0.028125
21 0.56875 0.040625 0.02734375 0.02734375
15 0.89453125 0.859375 0.0203125 0.01953125
37 0.79609375 0.859375 0.03203125 0.021875
37 0.840625 0.86015625 0.0234375 0.02421875
26 0.865625 0.71015625 0.021875 0.021875
29 0.84453125 0.76015625 0.02578125 0.01953125
6 0.6796875 0.7625 0.028125 0.01953125
17 0.8453125 0.82421875 0.021875 0.0203125
25 0.62890625 0.87890625 0.03203125 0.02421875
39 0.61953125 0.81484375 0.0125 0.01015625
37 0.47890625 0.80546875 0.03203125 0.021875
10 0.375 0.94375 0.0359375 0.0140625
10 0.3625 0.90859375 0.0359375 0.01796875
13 0.37109375 0.9578125 0.0203125 0.0234375
20 0.36015625 0.90390625 0.01796875 0.0140625
7 0.02265625 0.81640625 0.021875 0.0203125
2 0.0265625 0.80625 0.021875 0.03203125
10 0.01640625 0.83125 0.01796875 0.02578125
10 0.05625 0.603125 0.021875 0.02578125
10 0.13359375 0.45859375 0.0359375 0.015625
28 0.07109375 0.3703125 0.01953125 0.04921875
20 0.57265625 0.5546875 0.01953125 0.0140625
27 0.56171875 0.55234375 0.0234375 0.01796875
33 0.46328125 0.50625 0.021875 0.015625
10 0.41484375 0.52578125 0.03828125 0.015625
33 0.4953125 0.5125 0.02421875 0.01640625
10 0.49453125 0.490625 0.01953125 0.0234375
37 0.4671875 0.48671875 0.02421875 0.02421875
2 0.5015625 0.47890625 0.0234375 0.03203125
38 0.5015625 0.44296875 0.015625 0.0375
10 0.48671875 0.39921875 0.01640625 0.02734375
20 0.59375 0.534375 0.01796875 0.015625
27 0.72109375 0.428125 0.0234375 0.015625
28 0.73125 0.5203125 0.01796875 0.03359375
10 0.84296875 0.44375 0.0359375 0.015625
10 0.96015625 0.3390625 0.01796875 0.02734375
20 0.7734375 0.31953125 0.01953125 0.01171875
28 0.8859375 0.3578125 0.04765625 0.01640625
28 0.859375 0.33671875 0.1015625 0.02578125
10 0.984375 0.1890625 0.01796875 0.02578125
23 0.68828125 0.2875 0.0296875 0.021875
5 0.9 0.39921875 0.01796875 0.0140625
6 0.84609375 0.55234375 0.028125 0.01953125
20 0.84140625 0.578125 0.01953125 0.01171875
8 0.87578125 0.5875 0.0421875 0.015625
13 0.97421875 0.61015625 0.03828125 0.0203125
12 0.92578125 0.64765625 0.0140625 0.0359375
10 0.51328125 0.2359375 0.01640625 0.02421875
10 0.5046875 0.20078125 0.034375 0.01640625
20 0.45546875 0.1671875 0.01953125 0.015625
20 0.62109375 0.11171875 0.01953125 0.0125
15 0.66484375 0.11796875 0.02734375 0.01953125
0 0.653125 0.1140625 0.01796875 0.015625
10 0.1265625 0.04140625 0.01953125 0.02578125
10 0.0921875 0.24453125 0.01953125 0.02421875
2 0.09296875 0.27421875 0.021875 0.034375
7 0.1 0.23046875 0.01953125 0.021875
28 0.29921875 0.00625 0.11796875 0.0125