22 0.74765625 0.37421875 0.034375 0.0265625
22 0.3328125 0.56953125 0.0328125 0.025
22 0.69140625 0.728125 0.03203125 0.02421875
22 0.40390625 0.82265625 0.0328125 0.025
22 0.1578125 0.7796875 0.03203125 0.025
21 0.2484375 0.184375 0.0265625 0.02890625
21 0.3921875 0.209375 0.025 0.0265625
21 0.5328125 0.2328125 0.025 0.028125
21 0.3734375 0.31171875 0.025 0.028125
21 0.23203125 0.28671875 0.025 0.02890625
21 0.515625 0.33515625 0.0265625 0.028125
21 0.49765625 0.43828125 0.025 0.02890625
21 0.35546875 0.41484375 0.025 0.02890625
21 0.21484375 0.3890625 0.02421875 0.02890625
21 0.11328125 0.46953125 0.02421875 0.028125
21 0.22265625 0.48828125 0.025 0.028125
21 0.14609375 0.6125 0.02421875 0.028125
21 0.42578125 0.9546875 0.0265625 0.0265625
15 0.1046875 0.1484375 0.0203125 0.01875
37 0.2015625 0.1484375 0.03203125 0.021875
37 0.15859375 0.14765625 0.02265625 0.02421875
26 0.13359375 0.2953125 0.021875 0.021875
29 0.1546875 0.24609375 0.025 0.01875
6 0.31640625 0.24375 0.028125 0.01875
17 0.15390625 0.18359375 0.021875 0.0203125
25 0.36640625 0.1296875 0.03203125 0.02421875
39 0.37578125 0.1921875 0.0125 0.01015625
37 0.51484375 0.2015625 0.03203125 0.021875
10 0.61640625 0.06484375 0.03515625 0.0140625
10 0.62890625 0.1 0.03515625 0.01796875
13 0.6203125 0.0515625 0.0203125 0.02265625
20 0.63203125 0.1046875 0.01796875 0.0140625
7 0.9640625 0.19140625 0.021875 0.0203125
2 0.96015625 0.20078125 0.021875 0.03203125
10 0.96953125 0.17578125 0.01796875 0.025
10 0.93125 0.4015625 0.021875 0.025
10 0.8546875 0.54296875 0.03515625 0.01484375
28 0.915625 0.63046875 0.01875 0.0484375
20 0.421875 0.4484375 0.01875 0.0140625
27 0.4328125 0.45078125 0.02265625 0.01796875
33 0.5296875 0.49609375 0.021875 0.01484375
10 0.57734375 0.47734375 0.03828125 0.01484375
33 0.4984375 0.490625 0.02421875 0.01640625
10 0.49921875 0.51171875 0.01875 0.02265625
37 0.52578125 0.515625 0.02421875 0.02421875
2 0.4921875 0.5234375 0.02265625 0.03203125
38 0.4921875 0.55859375 0.01484375 0.03671875
10 0.50703125 0.6015625 0.01640625 0.0265625
20 0.4015625 0.46796875 0.01796875 0.01484375
27 0.27578125 0.5734375 0.02265625 0.01484375
28 0.265625 0.48203125 0.01796875 0.0328125
10 0.15546875 0.55859375 0.03515625 0.01484375
10 0.040625 0.66171875 0.01796875 0.0265625
20 0.225 0.68046875 0.01875 0.01171875
28 0.11328125 0.6421875 0.046875 0.01640625
28 0.13984375 0.66328125 0.1 0.025
10 0.01640625 0.80859375 0.01796875 0.025
23 0.30859375 0.71171875 0.02890625 0.021875
5 0.1 0.6015625 0.01796875 0.0140625
6 0.153125 0.4515625 0.028125 0.01875
20 0.1578125 0.42578125 0.01875 0.01171875
8 0.1234375 0.41640625 0.04140625 0.01484375
13 0.0265625 0.39375 0.03828125 0.0203125
12 0.07421875 0.35703125 0.0140625 0.03515625
10 0.48046875 0.7625 0.01640625 0.02421875
10 0.4890625 0.796875 0.034375 0.01640625
20 0.5375 0.83046875 0.01875 0.01484375
20 0.37421875 0.88515625 0.01875 0.0125
15 0.33125 0.87890625 0.0265625 0.01875
0 0.34296875 0.88203125 0.01796875 0.01484375
10 0.99375 0.9765625 0.0125 0.028125
10 0.86171875 0.9546875 0.01875 0.025
10 0.8953125 0.75390625 0.01875 0.02421875
2 0.89453125 0.725 0.021875 0.034375
7 0.88828125 0.76796875 0.01875 0.021875
28 0.690625 0.990625 0.115625 0.01875