22 0.76796875 0.63828125 0.03515625 0.02734375
22 0.34296875 0.4375 0.03359375 0.02578125
22 0.7109375 0.275 0.0328125 0.025
22 0.415625 0.178125 0.03359375 0.02578125
22 0.16328125 0.221875 0.0328125 0.02578125
21 0.25625 0.8328125 0.02734375 0.0296875
21 0.40390625 0.80703125 0.02578125 0.02734375
21 0.5484375 0.7828125 0.02578125 0.02890625
21 0.384375 0.70234375 0.02578125 0.02890625
21 0.2390625 0.728125 0.02578125 0.0296875
21 0.53046875 0.678125 0.02734375 0.02890625
21 0.51171875 0.571875 0.02578125 0.0296875
21 0.36640625 0.596875 0.02578125 0.0296875
21 0.22109375 0.62265625 0.025 0.0296875
21 0.1171875 0.540625 0.025 0.02890625
21 0.2296875 0.52109375 0.02578125 0.02890625
21 0.1515625 0.39375 0.025 0.02890625
21 0.43828125 0.0421875 0.02734375 0.02734375
15 0.109375 0.86953125 0.02109375 0.01953125
37 0.20859375 0.86953125 0.0328125 0.021875
37 0.16328125 0.87109375 0.0234375 0.025
26 0.13828125 0.71875 0.021875 0.021875
29 0.159375 0.76953125 0.02578125 0.01953125
6 0.32578125 0.771875 0.02890625 0.01953125
17 0.159375 0.83359375 0.021875 0.02109375
25 0.37734375 0.8890625 0.0328125 0.025
39 0.38671875 0.825 0.01328125 0.01015625
37 0.52890625 0.81484375 0.0328125 0.021875
10 0.63359375 0.95546875 0.03671875 0.0140625
10 0.646875 0.91953125 0.03671875 0.01796875
13 0.6375 0.96875 0.02109375 0.0234375
20 0.64921875 0.91484375 0.01796875 0.0140625
7 0.9890625 0.8265625 0.021875 0.021875
2 0.98671875 0.81640625 0.021875 0.0328125
10 0.99296875 0.8421875 0.0140625 0.025
10 0.95625 0.61015625 0.021875 0.02578125
10 0.878125 0.46484375 0.03671875 0.015625
28 0.940625 0.375 0.01953125 0.04921875
20 0.434375 0.56171875 0.01953125 0.0140625
27 0.4453125 0.559375 0.0234375 0.01796875
33 0.54453125 0.51328125 0.021875 0.015625
10 0.59375 0.5328125 0.0390625 0.015625
33 0.5125 0.51875 0.025 0.0171875
10 0.51328125 0.49765625 0.01953125 0.0234375
37 0.540625 0.49296875 0.025 0.025
2 0.50625 0.48515625 0.0234375 0.0328125
38 0.50625 0.4484375 0.015625 0.0375
10 0.52109375 0.4046875 0.0171875 0.02734375
20 0.41328125 0.54140625 0.01796875 0.015625
27 0.284375 0.43359375 0.0234375 0.015625
28 0.27421875 0.52734375 0.01796875 0.03359375
10 0.1609375 0.44921875 0.03671875 0.015625
10 0.04296875 0.34375 0.01796875 0.02734375
20 0.23203125 0.32421875 0.01953125 0.01171875
28 0.1171875 0.36328125 0.0484375 0.0171875
28 0.14453125 0.34140625 0.10234375 0.02578125
10 0.01796875 0.1921875 0.01796875 0.02578125
23 0.3171875 0.29140625 0.0296875 0.021875
5 0.10390625 0.4046875 0.01796875 0.0140625
6 0.15859375 0.559375 0.02890625 0.01953125
20 0.16328125 0.58515625 0.01953125 0.01171875
8 0.128125 0.59453125 0.04296875 0.015625
13 0.02890625 0.61796875 0.0390625 0.02109375
12 0.07734375 0.65546875 0.0140625 0.03671875
10 0.49453125 0.23984375 0.0171875 0.025
10 0.503125 0.2046875 0.03515625 0.0171875
20 0.55234375 0.1703125 0.01953125 0.015625
20 0.38515625 0.1140625 0.01953125 0.01328125
15 0.340625 0.1203125 0.02734375 0.01953125
0 0.353125 0.1171875 0.01796875 0.015625
10 0.88515625 0.04296875 0.01953125 0.02578125
10 0.9203125 0.2484375 0.01953125 0.025
2 0.91875 0.27890625 0.021875 0.03515625
7 0.9125 0.234375 0.01953125 0.021875
28 0.71015625 0.00703125 0.11953125 0.0140625