22 0.35078125 0.52734375 0.03515625 0.02421875
22 0.2921875 0.3109375 0.03515625 0.02421875
22 0.7046875 0.27890625 0.03671875 0.02421875
21 0.81171875 0.7875 0.02890625 0.02578125
21 0.59609375 0.7875 0.0296875 0.02578125
21 0.41640625 0.890625 0.02890625 0.02578125
21 0.265625 0.890625 0.02890625 0.02890625
21 0.41484375 0.72421875 0.02890625 0.02734375
21 0.265625 0.725 0.02890625 0.02578125
21 0.29375 0.60859375 0.02734375 0.02734375
21 0.81171875 0.67265625 0.02890625 0.02734375
21 0.81171875 0.540625 0.02890625 0.02734375
21 0.5984375 0.671875 0.02890625 0.02578125
21 0.59921875 0.53671875 0.02734375 0.02734375
20 0.56484375 0.95546875 0.0203125 0.01328125
10 0.54296875 0.99375 0.0390625 0.009375
13 0.5421875 0.9953125 0.02421875 0.009375
37 0.5234375 0.95234375 0.05 0.021875
25 0.37109375 0.99453125 0.03515625 0.0109375
24 0.11171875 0.9046875 0.01875 0.01875
37 0.17421875 0.89140625 0.03125 0.0328125
18 0.17265625 0.86796875 0.02734375 0.021875
17 0.24140625 0.953125 0.04765625 0.01796875
6 0.3359375 0.89609375 0.0296875 0.0203125
39 0.4140625 0.94140625 0.01484375 0.0109375
29 0.17421875 0.8140625 0.02578125 0.021875
10 0.1671875 0.69453125 0.01640625 0.02734375
26 0.171875 0.67421875 0.02578125 0.0234375
20 0.4515625 0.57109375 0.0203125 0.01484375
20 0.4109375 0.5578125 0.0234375 0.01484375
28 0.42265625 0.5953125 0.0109375 0.02421875
10 0.44921875 0.6328125 0.01796875 0.02734375
7 0.45390625 0.65859375 0.02421875 0.021875
2 0.4546875 0.68125 0.02578125 0.03359375
33 0.25 0.55546875 0.02734375 0.01875
10 0.21328125 0.56015625 0.040625 0.0109375
2 0.1890625 0.55625 0.0515625 0.01796875
5 0.22109375 0.6046875 0.01875 0.01328125
27 0.41640625 0.47265625 0.0234375 0.01640625
23 0.37265625 0.428125 0.0328125 0.021875
20 0.4515625 0.3640625 0.0203125 0.01640625
33 0.4546875 0.34609375 0.02578125 0.01875
10 0.45 0.321875 0.01640625 0.02734375
31 0.4203125 0.3140625 0.01484375 0.01328125
28 0.42109375 0.27421875 0.01328125 0.04921875
20 0.40859375 0.24140625 0.01796875 0.01484375
20 0.37109375 0.240625 0.01875 0.01328125
13 0.3671875 0.19296875 0.0234375 0.0296875
16 0.3984375 0.15390625 0.0109375 0.03671875
37 0.51328125 0.0953125 0.0515625 0.021875
0 0.478125 0.090625 0.01640625 0.0125
12 0.1171875 0.25859375 0.0109375 0.03671875
28 0.70546875 0.48515625 0.125 0.0078125
28 0.59765625 0.46796875 0.10078125 0.00703125
10 0.88828125 0.48671875 0.0390625 0.0109375
10 0.925 0.46640625 0.040625 0.009375
10 0.96171875 0.296875 0.01640625 0.02578125
2 0.95625 0.2640625 0.02421875 0.03359375
7 0.95703125 0.2421875 0.02578125 0.0234375
10 0.92578125 0.08984375 0.0390625 0.0109375
28 0.7046875 0.0296875 0.15078125 0.0078125
28 0.96328125 0.90390625 0.01328125 0.084375