22 0.63203125 0.4984375 0.03359375 0.02265625
22 0.68671875 0.70234375 0.03359375 0.02265625
22 0.2984375 0.7328125 0.034375 0.02265625
21 0.19765625 0.25390625 0.0265625 0.02421875
21 0.4 0.25390625 0.028125 0.02421875
21 0.56953125 0.15703125 0.0265625 0.02421875
21 0.71171875 0.15703125 0.0265625 0.0265625
21 0.57109375 0.31328125 0.0265625 0.02578125
21 0.71171875 0.3125 0.0265625 0.02421875
21 0.68515625 0.421875 0.02578125 0.02578125
21 0.19765625 0.36171875 0.0265625 0.02578125
21 0.19765625 0.4859375 0.0265625 0.02578125
21 0.3984375 0.3625 0.0265625 0.02421875
21 0.39765625 0.48984375 0.02578125 0.02578125
20 0.43046875 0.09609375 0.01953125 0.0125
10 0.45078125 0.059375 0.03671875 0.00859375
13 0.4515625 0.05 0.02265625 0.02578125
37 0.46875 0.0984375 0.04765625 0.0203125
25 0.6125 0.05390625 0.03359375 0.0203125
24 0.85703125 0.14296875 0.01796875 0.01796875
37 0.79765625 0.15625 0.0296875 0.03046875
18 0.79921875 0.178125 0.02578125 0.0203125
17 0.734375 0.09765625 0.04453125 0.01640625
6 0.64609375 0.1515625 0.028125 0.01953125
39 0.571875 0.10859375 0.0140625 0.01015625
29 0.79765625 0.22890625 0.02421875 0.0203125
10 0.8046875 0.34140625 0.015625 0.02578125
26 0.8 0.36015625 0.02421875 0.021875
20 0.53671875 0.45703125 0.01953125 0.0140625
20 0.575 0.4703125 0.021875 0.0140625
28 0.5640625 0.43515625 0.01015625 0.02265625
10 0.5390625 0.39921875 0.01640625 0.02578125
7 0.534375 0.375 0.02265625 0.0203125
2 0.53359375 0.35390625 0.02421875 0.03203125
33 0.7265625 0.471875 0.02578125 0.01796875
10 0.7609375 0.46796875 0.03828125 0.01015625
2 0.78359375 0.47109375 0.0484375 0.01640625
5 0.753125 0.42578125 0.01796875 0.0125
27 0.56953125 0.55 0.021875 0.015625
23 0.6109375 0.5921875 0.03046875 0.0203125
20 0.53671875 0.65234375 0.01953125 0.015625
33 0.53359375 0.66875 0.02421875 0.01796875
10 0.53828125 0.6921875 0.015625 0.02578125
31 0.565625 0.69921875 0.0140625 0.0125
28 0.56484375 0.73671875 0.0125 0.04609375
20 0.57734375 0.76796875 0.01640625 0.0140625
20 0.6125 0.76875 0.01796875 0.0125
13 0.615625 0.81328125 0.021875 0.028125
16 0.58671875 0.85 0.01015625 0.034375
37 0.478125 0.90546875 0.0484375 0.0203125
0 0.51171875 0.91015625 0.015625 0.01171875
12 0.8515625 0.7515625 0.01015625 0.034375
28 0.29765625 0.53828125 0.11796875 0.0078125
28 0.39921875 0.5546875 0.09453125 0.00625
10 0.12578125 0.53671875 0.03671875 0.01015625
10 0.090625 0.55546875 0.03828125 0.00859375
10 0.05625 0.715625 0.015625 0.02421875
2 0.06171875 0.74609375 0.02265625 0.03203125
7 0.0609375 0.76640625 0.02421875 0.021875
10 0.08984375 0.91015625 0.03671875 0.01015625
28 0.2984375 0.96640625 0.1421875 0.0078125
28 0.0546875 0.14453125 0.0125 0.07890625