22 0.646875 0.4734375 0.034375 0.0234375
22 0.703125 0.68203125 0.034375 0.0234375
22 0.30546875 0.7140625 0.03515625 0.0234375
21 0.2015625 0.22265625 0.02734375 0.025
21 0.409375 0.22265625 0.02890625 0.025
21 0.58359375 0.12265625 0.02734375 0.025
21 0.72890625 0.12265625 0.02734375 0.02734375
21 0.584375 0.28359375 0.02734375 0.0265625
21 0.72890625 0.2828125 0.02734375 0.025
21 0.70234375 0.3953125 0.0265625 0.0265625
21 0.2015625 0.33359375 0.02734375 0.0265625
21 0.2015625 0.4609375 0.02734375 0.0265625
21 0.4078125 0.334375 0.02734375 0.025
21 0.40703125 0.46484375 0.0265625 0.0265625
20 0.440625 0.06015625 0.01953125 0.01328125
10 0.4609375 0.02265625 0.03828125 0.009375
13 0.46171875 0.01328125 0.0234375 0.0265625
37 0.4796875 0.06328125 0.0484375 0.02109375
25 0.62734375 0.0171875 0.034375 0.02109375
24 0.878125 0.10859375 0.01875 0.01875
37 0.8171875 0.121875 0.03046875 0.03125
18 0.81875 0.14453125 0.0265625 0.02109375
17 0.75234375 0.0625 0.04609375 0.0171875
6 0.66171875 0.1171875 0.02890625 0.01953125
39 0.5859375 0.0734375 0.0140625 0.01015625
29 0.8171875 0.196875 0.025 0.02109375
10 0.82421875 0.3125 0.015625 0.0265625
26 0.81953125 0.33125 0.025 0.02265625
20 0.54921875 0.43125 0.01953125 0.0140625
20 0.58828125 0.44453125 0.02265625 0.0140625
28 0.57734375 0.4078125 0.01015625 0.0234375
10 0.5515625 0.37109375 0.0171875 0.0265625
7 0.546875 0.34609375 0.0234375 0.02109375
2 0.546875 0.325 0.025 0.0328125
33 0.74375 0.44609375 0.0265625 0.01875
10 0.7796875 0.4421875 0.0390625 0.01015625
2 0.803125 0.4453125 0.05 0.0171875
5 0.771875 0.39921875 0.01875 0.01328125
27 0.58359375 0.5265625 0.02265625 0.015625
23 0.62578125 0.56953125 0.03125 0.02109375
20 0.54921875 0.63125 0.01953125 0.015625
33 0.546875 0.6484375 0.025 0.01875
10 0.5515625 0.671875 0.015625 0.0265625
31 0.5796875 0.6796875 0.0140625 0.01328125
28 0.57890625 0.71796875 0.01328125 0.046875
20 0.59140625 0.75 0.0171875 0.0140625
20 0.62734375 0.75078125 0.01875 0.01328125
13 0.63046875 0.796875 0.02265625 0.02890625
16 0.60078125 0.834375 0.01015625 0.03515625
37 0.48984375 0.89140625 0.05 0.02109375
0 0.5234375 0.8953125 0.015625 0.01171875
12 0.87265625 0.7328125 0.01015625 0.03515625
28 0.3046875 0.5140625 0.12109375 0.0078125
28 0.4078125 0.53046875 0.096875 0.00625
10 0.128125 0.51328125 0.03828125 0.01015625
10 0.0921875 0.53203125 0.0390625 0.009375
10 0.05625 0.69609375 0.015625 0.025
2 0.06171875 0.72734375 0.0234375 0.0328125
7 0.0609375 0.7484375 0.025 0.02265625
10 0.09140625 0.89609375 0.03828125 0.01015625
28 0.30546875 0.95390625 0.1453125 0.0078125
28 0.05546875 0.11015625 0.01328125 0.08125