22 0.66015625 0.309375 0.0375 0.02578125
22 0.21796875 0.309375 0.04140625 0.02578125
22 0.48828125 0.53359375 0.0390625 0.0234375
22 0.67109375 0.7796875 0.0390625 0.025
21 0.14375 0.6734375 0.03125 0.02578125
21 0.14453125 0.740625 0.0296875 0.025
21 0.34140625 0.740625 0.0296875 0.02734375
20 0.44453125 0.70234375 0.021875 0.01796875
20 0.5859375 0.63828125 0.0234375 0.015625
20 0.57890625 0.50625 0.021875 0.015625
20 0.584375 0.43046875 0.021875 0.0171875
20 0.396875 0.45234375 0.0234375 0.0140625
20 0.25 0.43046875 0.021875 0.0140625
10 0.1921875 0.43203125 0.0453125 0.01015625
28 0.3078125 0.51796875 0.08203125 0.0078125
28 0.2453125 0.57734375 0.01328125 0.02578125
14 0.340625 0.6640625 0.1671875 0.06953125
30 0.228125 0.64375 0.04140625 0.0234375
5 0.24296875 0.73828125 0.02109375 0.0140625
7 0.35546875 0.85703125 0.02890625 0.025
10 0.34921875 0.878125 0.0171875 0.02734375
2 0.35546875 0.846875 0.02734375 0.03359375
28 0.62734375 0.9265625 0.13671875 0.01015625
33 0.8953125 0.9078125 0.02890625 0.0171875
37 0.89375 0.8828125 0.0328125 0.0328125
37 0.89453125 0.728125 0.0328125 0.0328125
30 0.88828125 0.60859375 0.040625 0.02109375
21 0.83359375 0.58046875 0.0296875 0.02734375
21 0.75625 0.490625 0.03125 0.02578125
21 0.67890625 0.58125 0.02890625 0.02578125
27 0.578125 0.60625 0.02578125 0.0171875
5 0.75625 0.578125 0.02109375 0.01328125
14 0.74375 0.47109375 0.28359375 0.06015625
31 0.58125 0.45859375 0.0171875 0.0140625
10 0.4171875 0.31015625 0.0171875 0.0296875
10 0.3625 0.18828125 0.04296875 0.01328125
28 0.16796875 0.18671875 0.08203125 0.0078125
2 0.053125 0.2125 0.02734375 0.03515625
10 0.04765625 0.22734375 0.0171875 0.02890625
28 0.62890625 0.1875 0.08125 0.009375
10 0.90234375 0.22734375 0.015625 0.02578125
10 0.903125 0.390625 0.0171875 0.02734375
23 0.41640625 0.48828125 0.03671875 0.0234375