22 0.69453125 0.24765625 0.03984375 0.02734375
22 0.23203125 0.24765625 0.04375 0.02734375
22 0.51484375 0.48203125 0.040625 0.02421875
22 0.70625 0.73984375 0.040625 0.02578125
21 0.1546875 0.628125 0.0328125 0.02734375
21 0.1546875 0.6984375 0.03125 0.02578125
21 0.36171875 0.6984375 0.03125 0.02890625
20 0.46953125 0.65859375 0.0234375 0.01875
20 0.6171875 0.59140625 0.02421875 0.01640625
20 0.61015625 0.45390625 0.0234375 0.01640625
20 0.615625 0.3734375 0.0234375 0.01796875
20 0.41953125 0.396875 0.02421875 0.01484375
20 0.265625 0.3734375 0.0234375 0.01484375
10 0.20546875 0.37578125 0.04765625 0.0109375
28 0.32578125 0.465625 0.0859375 0.0078125
28 0.2609375 0.52734375 0.01328125 0.02734375
14 0.3609375 0.61796875 0.175 0.07265625
30 0.24296875 0.596875 0.04375 0.02421875
5 0.2578125 0.69609375 0.021875 0.01484375
7 0.37578125 0.8203125 0.0296875 0.02578125
10 0.36953125 0.8421875 0.01796875 0.02890625
2 0.3765625 0.81015625 0.02890625 0.03515625
28 0.66015625 0.89375 0.14375 0.0109375
33 0.94140625 0.8734375 0.0296875 0.01796875
37 0.9390625 0.84765625 0.034375 0.034375
37 0.940625 0.68515625 0.034375 0.034375
30 0.93359375 0.56015625 0.0421875 0.021875
21 0.8765625 0.53046875 0.03125 0.02890625
21 0.7953125 0.4375 0.0328125 0.02734375
21 0.71484375 0.53125 0.0296875 0.02734375
27 0.609375 0.5578125 0.02734375 0.01796875
5 0.7953125 0.52890625 0.021875 0.01328125
14 0.78203125 0.41640625 0.29609375 0.0625
31 0.6125 0.40390625 0.01796875 0.01484375
10 0.440625 0.24765625 0.01796875 0.03125
10 0.3828125 0.1203125 0.0453125 0.01328125
28 0.1796875 0.11875 0.0859375 0.0078125
2 0.059375 0.1453125 0.02890625 0.03671875
10 0.05390625 0.1609375 0.01796875 0.0296875
28 0.6625 0.11953125 0.084375 0.009375
10 0.9484375 0.1609375 0.01640625 0.02734375
10 0.9484375 0.3328125 0.01796875 0.02890625
23 0.43984375 0.434375 0.03828125 0.02421875