22 0.6734375 0.51484375 0.0359375 0.02421875
22 0.73046875 0.721875 0.0359375 0.02421875
22 0.3234375 0.75234375 0.034375 0.02265625
21 0.75859375 0.1671875 0.02890625 0.0265625
21 0.609375 0.16640625 0.028125 0.025
21 0.7578125 0.32578125 0.028125 0.025
21 0.609375 0.32578125 0.028125 0.025
21 0.73046875 0.43671875 0.028125 0.025
21 0.43203125 0.26640625 0.028125 0.0265625
21 0.21953125 0.265625 0.028125 0.025
21 0.21875 0.37578125 0.0265625 0.025
21 0.21875 0.50234375 0.0265625 0.025
21 0.428125 0.37578125 0.0265625 0.025
21 0.42890625 0.50625 0.028125 0.025
24 0.9109375 0.14921875 0.01875 0.01953125
37 0.846875 0.16875 0.0328125 0.03203125
18 0.84921875 0.19375 0.028125 0.02109375
17 0.803125 0.1078125 0.04609375 0.01953125
10 0.8546875 0.35390625 0.0171875 0.0265625
26 0.8484375 0.378125 0.0265625 0.02109375
29 0.83984375 0.240625 0.028125 0.01953125
6 0.6796875 0.16171875 0.028125 0.02109375
39 0.6109375 0.11875 0.01484375 0.009375
39 0.653125 0.06171875 0.0328125 0.01953125
37 0.503125 0.10859375 0.04921875 0.02109375
10 0.484375 0.06953125 0.03828125 0.009375
13 0.484375 0.05859375 0.02265625 0.0265625
20 0.46484375 0.10546875 0.0171875 0.01484375
28 0.06875 0.1546875 0.01328125 0.078125
7 0.57109375 0.39921875 0.025 0.02109375
2 0.571875 0.38828125 0.02421875 0.0328125
10 0.57734375 0.41796875 0.01484375 0.02421875
28 0.60234375 0.44921875 0.0109375 0.02421875
20 0.5734375 0.47265625 0.01953125 0.01484375
20 0.6140625 0.4859375 0.01875 0.01484375
27 0.609375 0.5671875 0.02265625 0.01484375
23 0.6359375 0.6234375 0.0328125 0.02109375
20 0.57421875 0.671875 0.02109375 0.01484375
33 0.57109375 0.68828125 0.025 0.015625
10 0.5765625 0.71171875 0.015625 0.025
31 0.60546875 0.71875 0.01484375 0.01328125
28 0.60390625 0.75625 0.01171875 0.04765625
20 0.6171875 0.78828125 0.01953125 0.01171875
20 0.65390625 0.7890625 0.02109375 0.01328125
16 0.6265625 0.871875 0.009375 0.0359375
13 0.65625 0.834375 0.02421875 0.02890625
0 0.54921875 0.93203125 0.01875 0.01171875
12 0.9046875 0.77109375 0.0109375 0.0359375
28 0.3234375 0.98984375 0.1484375 0.009375
10 0.1078125 0.9328125 0.03984375 0.009375
7 0.0765625 0.78046875 0.0265625 0.02265625
2 0.0765625 0.74921875 0.0265625 0.034375
10 0.07109375 0.73515625 0.01484375 0.025
10 0.14375 0.55390625 0.04140625 0.009375
10 0.10625 0.57265625 0.03984375 0.009375
28 0.42890625 0.57109375 0.09921875 0.009375
28 0.3234375 0.55546875 0.125 0.0078125
2 0.8515625 0.48671875 0.0375 0.015625
10 0.809375 0.48359375 0.03984375 0.01171875
33 0.77265625 0.4875 0.025 0.0171875
5 0.8015625 0.440625 0.01953125 0.01171875
8 0.85703125 0.75546875 0.0109375 0.03046875