22 0.33828125 0.53359375 0.0375 0.025
22 0.278125 0.75 0.0375 0.025
22 0.70390625 0.7828125 0.0359375 0.0234375
21 0.2484375 0.16953125 0.03046875 0.028125
21 0.4046875 0.16875 0.02890625 0.0265625
21 0.24921875 0.33515625 0.02890625 0.0265625
21 0.4046875 0.33515625 0.02890625 0.0265625
21 0.278125 0.45234375 0.02890625 0.0265625
21 0.590625 0.2734375 0.02890625 0.028125
21 0.81328125 0.27265625 0.02890625 0.0265625
21 0.8140625 0.38828125 0.028125 0.0265625
21 0.8140625 0.5203125 0.028125 0.0265625
21 0.59453125 0.38828125 0.028125 0.0265625
21 0.59375 0.52421875 0.02890625 0.0265625
24 0.0890625 0.15078125 0.01953125 0.02109375
37 0.15625 0.17109375 0.034375 0.03359375
18 0.153125 0.196875 0.02890625 0.021875
17 0.20234375 0.1078125 0.0484375 0.02109375
10 0.14765625 0.365625 0.01796875 0.028125
26 0.15390625 0.390625 0.028125 0.021875
29 0.16328125 0.246875 0.02890625 0.02109375
6 0.33125 0.1640625 0.02890625 0.021875
39 0.403125 0.11875 0.015625 0.009375
39 0.359375 0.059375 0.034375 0.02109375
37 0.515625 0.10859375 0.0515625 0.021875
10 0.53515625 0.0671875 0.040625 0.009375
13 0.53515625 0.05546875 0.0234375 0.028125
20 0.55625 0.1046875 0.01796875 0.015625
28 0.97109375 0.15625 0.0140625 0.08203125
7 0.4453125 0.4125 0.0265625 0.021875
2 0.44453125 0.40078125 0.025 0.034375
10 0.43828125 0.43203125 0.015625 0.025
28 0.4125 0.465625 0.0109375 0.025
20 0.4421875 0.48984375 0.02109375 0.015625
20 0.4 0.503125 0.01953125 0.015625
27 0.4046875 0.58828125 0.0234375 0.015625
23 0.37734375 0.646875 0.034375 0.021875
20 0.44140625 0.69765625 0.021875 0.015625
33 0.4453125 0.715625 0.0265625 0.01640625
10 0.4390625 0.73984375 0.01640625 0.0265625
31 0.409375 0.746875 0.015625 0.0140625
28 0.41015625 0.7859375 0.0125 0.05
20 0.396875 0.8203125 0.02109375 0.0125
20 0.35859375 0.82109375 0.021875 0.0140625
16 0.38671875 0.9078125 0.009375 0.0375
13 0.35546875 0.86796875 0.025 0.03046875
0 0.46796875 0.9703125 0.01953125 0.0125
12 0.09609375 0.80234375 0.0109375 0.0375
10 0.93046875 0.971875 0.04140625 0.009375
7 0.9625 0.81171875 0.028125 0.0234375
2 0.9625 0.77890625 0.028125 0.0359375
10 0.96875 0.76484375 0.015625 0.0265625
10 0.8921875 0.57421875 0.04296875 0.009375
10 0.93203125 0.59375 0.04140625 0.009375
28 0.59375 0.5921875 0.10390625 0.009375
28 0.70390625 0.5765625 0.13046875 0.00859375
2 0.1515625 0.50390625 0.0390625 0.01640625
10 0.19609375 0.50078125 0.04140625 0.0125
33 0.234375 0.5046875 0.0265625 0.01796875
5 0.203125 0.45625 0.02109375 0.0125
8 0.14609375 0.78515625 0.0109375 0.03203125