22 0.2390625 0.290625 0.03515625 0.02578125
22 0.2328125 0.675 0.034375 0.02421875
22 0.52421875 0.82578125 0.03515625 0.02578125
22 0.79765625 0.8265625 0.03515625 0.02421875
22 0.64921875 0.5703125 0.03671875 0.02578125
21 0.49453125 0.18203125 0.02734375 0.02734375
21 0.4953125 0.29296875 0.02890625 0.02890625
21 0.49609375 0.403125 0.02734375 0.02734375
21 0.65234375 0.18203125 0.02578125 0.02734375
21 0.65234375 0.29296875 0.02890625 0.02890625
21 0.653125 0.40390625 0.02734375 0.02890625
21 0.81015625 0.18203125 0.02734375 0.02734375
21 0.81015625 0.2921875 0.02734375 0.02734375
21 0.809375 0.40390625 0.02578125 0.02890625
21 0.78125 0.50703125 0.02734375 0.02734375
21 0.903125 0.50625 0.02734375 0.02890625
21 0.84296875 0.6515625 0.02734375 0.02734375
21 0.47734375 0.96171875 0.02578125 0.02734375
37 0.86640625 0.1546875 0.03515625 0.01875
37 0.9125 0.16015625 0.021875 0.02578125
17 0.9125 0.1765625 0.021875 0.02421875
18 0.9125 0.19375 0.021875 0.01875
24 0.9703125 0.1765625 0.01875 0.01875
26 0.9125 0.31484375 0.021875 0.0203125
29 0.90703125 0.2640625 0.02734375 0.0203125
6 0.7359375 0.23203125 0.02890625 0.021875
39 0.67109375 0.16796875 0.01484375 0.0109375
25 0.69453125 0.10234375 0.034375 0.02421875
12 0.96484375 0.39609375 0.0109375 0.03828125
13 0.99453125 0.44296875 0.0109375 0.01640625
6 0.87265625 0.4796875 0.02890625 0.021875
28 0.73515625 0.49296875 0.01328125 0.03515625
20 0.8640625 0.45390625 0.0203125 0.01640625
10 0.83984375 0.59140625 0.03828125 0.0109375
27 0.70859375 0.58671875 0.0203125 0.01484375
27 0.56328125 0.42734375 0.0234375 0.01328125
20 0.57578125 0.428125 0.0203125 0.01484375
20 0.59375 0.453125 0.0203125 0.01484375
10 0.40234375 0.43046875 0.03984375 0.0109375
33 0.44921875 0.459375 0.021875 0.01796875
33 0.48671875 0.459375 0.02421875 0.01484375
37 0.4484375 0.48125 0.0234375 0.02578125
10 0.48203125 0.48125 0.01640625 0.02578125
2 0.48515625 0.5109375 0.021875 0.0328125
38 0.47890625 0.5328125 0.009375 0.03828125
10 0.453125 0.575 0.01484375 0.02734375
28 0.009375 0.53125 0.01328125 0.0515625
10 0.09296875 0.45078125 0.03828125 0.0109375
10 0.03828125 0.2859375 0.01640625 0.02890625
10 0.0390625 0.04140625 0.01484375 0.02890625
7 0.04140625 0.06328125 0.0203125 0.0203125
2 0.0421875 0.084375 0.021875 0.0296875
37 0.52265625 0.15390625 0.03671875 0.01796875
10 0.41640625 0.02421875 0.03515625 0.01328125
20 0.41328125 0.0265625 0.0203125 0.01796875
5 0.89375 0.64921875 0.01875 0.01484375
28 0.871875 0.68984375 0.04609375 0.0078125
28 0.83828125 0.70546875 0.1078125 0.009375
10 0.94296875 0.72265625 0.01484375 0.02734375
23 0.6484375 0.72578125 0.03125 0.0234375
10 0.453125 0.74921875 0.01484375 0.02890625
10 0.4375 0.78515625 0.03984375 0.0109375
20 0.38046875 0.81015625 0.0203125 0.01640625
10 0.0109375 0.8828125 0.01328125 0.02890625
28 0.18515625 0.95859375 0.121875 0.009375
2 0.0140625 0.65078125 0.0203125 0.03125
10 0.01171875 0.665625 0.01484375 0.02734375
7 0.0140625 0.68828125 0.0203125 0.01875
20 0.54609375 0.89609375 0.0203125 0.01328125
0 0.57890625 0.8984375 0.01484375 0.0125
15 0.60390625 0.896875 0.0296875 0.01484375
10 0.94296875 0.88203125 0.01484375 0.02578125
16 0.9921875 0.89375 0.0109375 0.03828125