22 0.26171875 0.659375 0.0328125 0.02421875
22 0.25625 0.3015625 0.03203125 0.02265625
22 0.528125 0.1609375 0.0328125 0.02421875
22 0.7828125 0.16015625 0.0328125 0.02265625
22 0.64453125 0.39921875 0.034375 0.02421875
21 0.5 0.7609375 0.02578125 0.02578125
21 0.50078125 0.65703125 0.0265625 0.0265625
21 0.5015625 0.5546875 0.02578125 0.02578125
21 0.646875 0.7609375 0.02421875 0.02578125
21 0.646875 0.65703125 0.0265625 0.0265625
21 0.64765625 0.55390625 0.02578125 0.0265625
21 0.79375 0.7609375 0.02578125 0.02578125
21 0.79375 0.6578125 0.02578125 0.02578125
21 0.79296875 0.55390625 0.02421875 0.0265625
21 0.7671875 0.4578125 0.02578125 0.02578125
21 0.88046875 0.45859375 0.02578125 0.0265625
21 0.82421875 0.3234375 0.02578125 0.02578125
21 0.484375 0.034375 0.02421875 0.02578125
37 0.84609375 0.7859375 0.0328125 0.01796875
37 0.8890625 0.78046875 0.0203125 0.02421875
17 0.8890625 0.765625 0.0203125 0.02265625
18 0.8890625 0.74921875 0.0203125 0.01796875
24 0.94296875 0.765625 0.01796875 0.01796875
26 0.8890625 0.63671875 0.0203125 0.01875
29 0.884375 0.68359375 0.02578125 0.01875
6 0.72421875 0.7140625 0.0265625 0.0203125
39 0.66484375 0.7734375 0.0140625 0.01015625
25 0.68671875 0.834375 0.03203125 0.02265625
12 0.9375 0.5609375 0.01015625 0.0359375
13 0.98046875 0.51796875 0.0390625 0.015625
6 0.8515625 0.48359375 0.0265625 0.0203125
28 0.72421875 0.47109375 0.0125 0.0328125
20 0.84453125 0.5078125 0.01875 0.015625
10 0.821875 0.37890625 0.0359375 0.01015625
27 0.69921875 0.38359375 0.01875 0.0140625
27 0.5640625 0.53203125 0.021875 0.0125
20 0.57578125 0.53125 0.01875 0.0140625
20 0.5921875 0.50859375 0.01875 0.0140625
10 0.4140625 0.52890625 0.03671875 0.01015625
33 0.4578125 0.5015625 0.0203125 0.01640625
33 0.4921875 0.5015625 0.02265625 0.0140625
37 0.45703125 0.48125 0.021875 0.02421875
10 0.48828125 0.48125 0.015625 0.02421875
2 0.49140625 0.45390625 0.0203125 0.03046875
38 0.48515625 0.43359375 0.00859375 0.0359375
10 0.4609375 0.39453125 0.0140625 0.02578125
28 0.0484375 0.43515625 0.0125 0.0484375
10 0.12578125 0.51015625 0.0359375 0.01015625
10 0.075 0.66328125 0.015625 0.0265625
10 0.07578125 0.89140625 0.0140625 0.0265625
7 0.078125 0.87109375 0.01875 0.01875
2 0.07890625 0.85078125 0.0203125 0.028125
37 0.52578125 0.78671875 0.034375 0.01640625
9 0.4453125 0.94140625 0.0359375 0.01015625
13 0.44453125 0.95234375 0.021875 0.02421875
10 0.42734375 0.90703125 0.0328125 0.0125
20 0.42421875 0.90546875 0.01875 0.01640625
5 0.871875 0.325 0.01796875 0.0140625
28 0.85078125 0.2875 0.04296875 0.0078125
28 0.8203125 0.27265625 0.10078125 0.00859375
10 0.91796875 0.25703125 0.0140625 0.02578125
23 0.64296875 0.25390625 0.02890625 0.021875
10 0.4609375 0.23203125 0.0140625 0.0265625
10 0.446875 0.1984375 0.03671875 0.01015625
20 0.39375 0.17578125 0.01875 0.015625
10 0.05 0.1078125 0.0125 0.0265625
28 0.21171875 0.0375 0.11328125 0.00859375
2 0.053125 0.3234375 0.01875 0.02890625
10 0.05 0.31015625 0.0140625 0.02578125
7 0.053125 0.2890625 0.01875 0.01796875
20 0.54765625 0.0953125 0.01875 0.0125
0 0.578125 0.09375 0.0140625 0.01171875
15 0.6015625 0.09453125 0.028125 0.0140625
10 0.91796875 0.10859375 0.0140625 0.02421875
16 0.96328125 0.09765625 0.01015625 0.0359375