22 0.4296875 0.4171875 0.01875 0.021875
22 0.26171875 0.28515625 0.01796875 0.021875
21 0.57734375 0.4140625 0.01796875 0.02265625
21 0.525 0.39375 0.01875 0.02265625
21 0.575 0.34453125 0.01796875 0.02265625
21 0.48828125 0.32109375 0.01796875 0.02421875
21 0.38046875 0.27734375 0.01640625 0.02265625
20 0.3453125 0.3015625 0.01015625 0.01484375
20 0.371875 0.3203125 0.0125 0.0125
20 0.51328125 0.35546875 0.00859375 0.0125
31 0.315625 0.40625 0.00859375 0.0125
10 0.30703125 0.403125 0.0140625 0.01875
7 0.30078125 0.415625 0.0140625 0.0140625
2 0.31328125 0.3796875 0.0140625 0.025
23 0.359375 0.34375 0.01484375 0.01875
23 0.43984375 0.3015625 0.01640625 0.01796875
10 0.428125 0.2109375 0.01796875 0.0140625
10 0.20859375 0.1890625 0.01640625 0.021875
10 0.15859375 0.315625 0.01484375 0.021875
28 0.21484375 0.4046875 0.0328125 0.0203125
28 0.3234375 0.44921875 0.03671875 0.02265625
30 0.61640625 0.44296875 0.01484375 0.025
14 0.53203125 0.453125 0.08125 0.0734375
5 0.56171875 0.37578125 0.01015625 0.0125
5 0.37109375 0.16484375 0.0328125 0.0203125