22 0.4203125 0.41015625 0.01875 0.021875
22 0.2515625 0.278125 0.01796875 0.021875
21 0.56875 0.40703125 0.01796875 0.02265625
21 0.515625 0.38671875 0.01875 0.02265625
21 0.56640625 0.3375 0.01796875 0.02265625
21 0.4796875 0.31328125 0.01796875 0.02421875
21 0.37109375 0.26953125 0.01640625 0.02265625
20 0.3359375 0.29375 0.01015625 0.015625
20 0.3625 0.31328125 0.0125 0.0125
20 0.5046875 0.3484375 0.00859375 0.0125
31 0.30625 0.39921875 0.00859375 0.0125
10 0.296875 0.39609375 0.0140625 0.01875
7 0.290625 0.409375 0.0140625 0.0140625
2 0.303125 0.37265625 0.0140625 0.02578125
23 0.35 0.33671875 0.015625 0.01875
23 0.43046875 0.29375 0.01640625 0.01796875
10 0.41875 0.203125 0.01796875 0.0140625
10 0.19765625 0.18125 0.01640625 0.021875
10 0.14765625 0.30859375 0.015625 0.021875
28 0.2046875 0.3984375 0.0328125 0.0203125
28 0.31328125 0.44296875 0.03671875 0.02265625
30 0.6078125 0.43671875 0.015625 0.02578125
14 0.52265625 0.446875 0.08125 0.0734375
5 0.553125 0.36875 0.01015625 0.0125
5 0.3609375 0.15625 0.0328125 0.0203125