22 0.4109375 0.39765625 0.01953125 0.021875
22 0.2375 0.26171875 0.01796875 0.021875
21 0.5625 0.39453125 0.01796875 0.0234375
21 0.50859375 0.3734375 0.01953125 0.0234375
21 0.56015625 0.32265625 0.01796875 0.0234375
21 0.47109375 0.2984375 0.01796875 0.025
21 0.359375 0.253125 0.0171875 0.0234375
20 0.3234375 0.278125 0.01015625 0.015625
20 0.3515625 0.29765625 0.01328125 0.01328125
20 0.496875 0.334375 0.009375 0.01328125
31 0.29296875 0.38671875 0.009375 0.01328125
10 0.28359375 0.3828125 0.0140625 0.01953125
7 0.27734375 0.39609375 0.0140625 0.0140625
2 0.290625 0.359375 0.0140625 0.02578125
23 0.33828125 0.321875 0.015625 0.01953125
23 0.42109375 0.278125 0.0171875 0.01796875
10 0.40859375 0.184375 0.01796875 0.0140625
10 0.18203125 0.1625 0.0171875 0.021875
10 0.13046875 0.29296875 0.015625 0.021875
28 0.1890625 0.38515625 0.03359375 0.02109375
28 0.30078125 0.43046875 0.0375 0.0234375
30 0.603125 0.42421875 0.015625 0.02578125
14 0.515625 0.434375 0.08359375 0.07578125
5 0.546875 0.35546875 0.01015625 0.01328125
5 0.35 0.13671875 0.03359375 0.02109375