22 0.52734375 0.87890625 0.0171875 0.025
22 0.74609375 0.70390625 0.0171875 0.025
22 0.4640625 0.69921875 0.0171875 0.0234375
22 0.315625 0.60546875 0.0171875 0.0234375
22 0.109375 0.3375 0.015625 0.0234375
22 0.30703125 0.25234375 0.0171875 0.02265625
22 0.5078125 0.23984375 0.015625 0.0234375
21 0.015625 0.5640625 0.01328125 0.025
21 0.0859375 0.5640625 0.01328125 0.025
21 0.15546875 0.5640625 0.01328125 0.025
21 0.52890625 0.60390625 0.01328125 0.025
21 0.596875 0.51640625 0.01171875 0.025
21 0.52890625 0.51640625 0.01328125 0.025
21 0.528125 0.428125 0.01484375 0.025
21 0.59609375 0.428125 0.01328125 0.025
10 0.6203125 0.95390625 0.0078125 0.0234375
10 0.4328125 0.98515625 0.0078125 0.02265625
2 0.434375 0.95859375 0.01171875 0.02734375
10 0.6203125 0.8046875 0.0078125 0.0234375
10 0.678125 0.8640625 0.01875 0.0109375
28 0.7453125 0.86484375 0.034375 0.009375
10 0.87578125 0.778125 0.0078125 0.0234375
10 0.64453125 0.76875 0.009375 0.0265625
20 0.57890625 0.66328125 0.0109375 0.01328125
20 0.49140625 0.75546875 0.01171875 0.01171875
10 0.5109375 0.753125 0.0171875 0.0109375
31 0.39609375 0.6453125 0.009375 0.0109375
28 0.315625 0.64609375 0.03984375 0.0078125
23 0.4640625 0.609375 0.015625 0.02109375
20 0.4921875 0.56171875 0.0109375 0.01328125
14 0.60234375 0.60546875 0.04375 0.0921875
30 0.61484375 0.540625 0.015625 0.0171875
10 0.678125 0.54375 0.01875 0.0109375
28 0.74609375 0.50859375 0.03828125 0.009375
10 0.87578125 0.628125 0.0078125 0.0234375
5 0.56328125 0.44375 0.0109375 0.01171875
20 0.23125 0.50234375 0.0109375 0.01171875
27 0.23125 0.51640625 0.0109375 0.01484375
23 0.26484375 0.475 0.015625 0.02109375
20 0.215625 0.4078125 0.009375 0.01328125
20 0.05859375 0.48828125 0.01484375 0.01328125
37 0.0046875 0.45859375 0.009375 0.025
37 0.00390625 0.31484375 0.0078125 0.025
33 0.00390625 0.2953125 0.0078125 0.01328125
28 0.103125 0.184375 0.0609375 0.0078125
10 0.18125 0.18515625 0.0171875 0.009375
28 0.3109375 0.184375 0.02734375 0.0078125
20 0.215625 0.2609375 0.009375 0.01328125
10 0.2296875 0.30390625 0.0078125 0.025
7 0.215625 0.35625 0.009375 0.01875
2 0.215625 0.32265625 0.01171875 0.02734375
10 0.2171875 0.33515625 0.009375 0.0234375
10 0.39609375 0.315625 0.0078125 0.0234375
20 0.49296875 0.39296875 0.009375 0.01328125
10 0.56171875 0.38046875 0.01953125 0.01171875
10 0.39609375 0.1640625 0.0078125 0.025
28 0.5078125 0.09765625 0.065625 0.0078125
10 0.6203125 0.15 0.0078125 0.025
30 0.16015625 0.6375 0.01484375 0.025
5 0.06640625 0.60390625 0.009375 0.01328125
14 0.1984375 0.5984375 0.04609375 0.10703125