22 0.546875 0.84609375 0.01640625 0.02421875
22 0.75625 0.678125 0.01640625 0.02421875
22 0.48671875 0.6734375 0.01640625 0.02265625
22 0.34609375 0.584375 0.01640625 0.02265625
22 0.1484375 0.32890625 0.01484375 0.02265625
22 0.33671875 0.24765625 0.01640625 0.02109375
22 0.52890625 0.23515625 0.01484375 0.02265625
21 0.059375 0.54453125 0.0125 0.02421875
21 0.12578125 0.54453125 0.0125 0.02421875
21 0.19296875 0.54453125 0.0125 0.02421875
21 0.54921875 0.5828125 0.0125 0.02421875
21 0.6140625 0.49921875 0.01171875 0.02421875
21 0.54921875 0.49921875 0.0125 0.02421875
21 0.5484375 0.41484375 0.0140625 0.02421875
21 0.61328125 0.41484375 0.0125 0.02421875
28 0.546875 0.96796875 0.04765625 0.00859375
10 0.6359375 0.9171875 0.0078125 0.02265625
10 0.45703125 0.94609375 0.0078125 0.02109375
2 0.459375 0.92109375 0.01171875 0.0265625
10 0.6359375 0.77421875 0.0078125 0.02265625
10 0.69140625 0.83125 0.01796875 0.01015625
28 0.75546875 0.83203125 0.0328125 0.00859375
10 0.88046875 0.74921875 0.0078125 0.02265625
10 0.659375 0.740625 0.00859375 0.025
20 0.596875 0.63984375 0.01015625 0.0125
20 0.51328125 0.72734375 0.01171875 0.01171875
10 0.53203125 0.72578125 0.01640625 0.01015625
31 0.42265625 0.621875 0.00859375 0.01015625
28 0.3453125 0.6234375 0.0375 0.0078125
23 0.4875 0.58828125 0.01484375 0.0203125
20 0.5140625 0.54296875 0.01015625 0.0125
14 0.61875 0.584375 0.04140625 0.08828125
30 0.63125 0.521875 0.01484375 0.01640625
10 0.69140625 0.525 0.01796875 0.01015625
28 0.75625 0.4921875 0.03671875 0.00859375
10 0.88046875 0.60546875 0.0078125 0.02265625
5 0.58203125 0.43046875 0.01015625 0.01171875
20 0.26484375 0.48515625 0.01015625 0.01171875
27 0.26484375 0.49921875 0.01015625 0.0140625
23 0.296875 0.459375 0.01484375 0.0203125
20 0.25 0.3953125 0.00859375 0.0125
20 0.1 0.47265625 0.0140625 0.0125
37 0.046875 0.44375 0.0125 0.02421875
37 0.04609375 0.30703125 0.01171875 0.02421875
33 0.04609375 0.28828125 0.01171875 0.0125
28 0.1421875 0.1828125 0.0578125 0.0078125
10 0.2171875 0.18359375 0.01640625 0.00859375
28 0.340625 0.1828125 0.0265625 0.0078125
20 0.25 0.25546875 0.00859375 0.0125
10 0.26328125 0.296875 0.0078125 0.02421875
7 0.25 0.34609375 0.00859375 0.01796875
2 0.25 0.3140625 0.01171875 0.0265625
10 0.2515625 0.3265625 0.00859375 0.02265625
10 0.421875 0.30703125 0.0078125 0.02265625
20 0.51484375 0.38125 0.00859375 0.0125
10 0.5796875 0.36953125 0.01875 0.01171875
10 0.421875 0.16328125 0.0078125 0.02421875
28 0.52890625 0.09921875 0.06328125 0.0078125
10 0.6359375 0.14921875 0.0078125 0.02421875
30 0.196875 0.615625 0.0140625 0.02421875
5 0.1078125 0.5828125 0.00859375 0.0125
14 0.23359375 0.57734375 0.04375 0.10234375